 time            v(vbep)         time            v(vben)         time            v(vout)         time            v(vphi1)        time            v(vphi2)        time            v(vref)         time            v(voutc)        time            v(voutcc)       yes             currtemp       
 0.00000000e+00  6.69942531e-01  0.00000000e+00  5.96817015e-01  0.00000000e+00  1.36064959e+00  0.00000000e+00  0.00000000e+00  0.00000000e+00  1.79999998e+00  0.00000000e+00  5.95560498e-01  0.00000000e+00  1.36064958e+00  0.00000000e+00  1.36914938e+00  1.00000000e+00  9.50000000e+01 
 1.00000000e-11  6.69967891e-01  1.00000000e-11  5.96888469e-01  1.00000000e-11  1.36136102e+00  1.00000000e-11  1.80000000e-02  1.00000000e-11  1.80024197e+00  1.00000000e-11  5.96062931e-01  1.00000000e-11  1.36109026e+00  1.00000000e-11  1.36916088e+00                                 
 2.00000000e-11  6.69974573e-01  2.00000000e-11  5.96931546e-01  2.00000000e-11  1.36177752e+00  2.00000000e-11  3.60000000e-02  2.00000000e-11  1.80033365e+00  2.00000000e-11  5.96430524e-01  2.00000000e-11  1.36141625e+00  2.00000000e-11  1.36916456e+00                                 
 4.00000000e-11  6.69974249e-01  4.00000000e-11  5.96986377e-01  4.00000000e-11  1.36225070e+00  4.00000000e-11  7.20000000e-02  4.00000000e-11  1.80036088e+00  4.00000000e-11  5.96961387e-01  4.00000000e-11  1.36189183e+00  4.00000000e-11  1.36916463e+00                                 
 8.00000000e-11  6.69962439e-01  8.00000000e-11  5.97017229e-01  8.00000000e-11  1.36227981e+00  8.00000000e-11  1.44000000e-01  8.00000000e-11  1.80015915e+00  8.00000000e-11  5.97361681e-01  8.00000000e-11  1.36225507e+00  8.00000000e-11  1.36915478e+00                                 
 1.60000000e-10  6.69959701e-01  1.60000000e-10  5.97022057e-01  1.60000000e-10  1.36196489e+00  1.60000000e-10  2.88000000e-01  1.60000000e-10  1.80000364e+00  1.60000000e-10  5.97447532e-01  1.60000000e-10  1.36228858e+00  1.60000000e-10  1.36914655e+00                                 
 3.20000000e-10  6.69954199e-01  3.20000000e-10  5.97010358e-01  3.20000000e-10  1.36163602e+00  3.20000000e-10  5.76000000e-01  3.20000000e-10  1.79998714e+00  3.20000000e-10  5.97332902e-01  3.20000000e-10  1.36200720e+00  3.20000000e-10  1.36914164e+00                                 
 6.40000000e-10  6.69873645e-01  6.40000000e-10  5.96498233e-01  6.40000000e-10  1.35986909e+00  6.40000000e-10  1.15200000e+00  6.40000000e-10  1.80611467e+00  6.40000000e-10  5.93529789e-01  6.40000000e-10  1.36336728e+00  6.40000000e-10  1.36915556e+00                                 
 1.00000000e-09  6.70465999e-01  1.00000000e-09  5.97057353e-01  1.00000000e-09  1.34049085e+00  1.00000000e-09  1.80000000e+00  1.00000000e-09  1.20827808e-01  1.00000000e-09  6.06336388e-01  1.00000000e-09  1.36867560e+00  1.00000000e-09  1.36918098e+00                                 
 1.03864936e-09  6.70556353e-01  1.03864936e-09  5.97016939e-01  1.03864936e-09  1.33833126e+00  1.03864936e-09  1.80000000e+00  1.03864936e-09  3.02081841e-02  1.03864936e-09  6.08260775e-01  1.03864936e-09  1.36932643e+00  1.03864936e-09  1.36918147e+00                                 
 1.11594808e-09  6.70743426e-01  1.11594808e-09  5.96998629e-01  1.11594808e-09  1.33614862e+00  1.11594808e-09  1.80000000e+00  1.11594808e-09 -1.32331563e-02  1.11594808e-09  6.10431780e-01  1.11594808e-09  1.37086894e+00  1.11594808e-09  1.36918829e+00                                 
 1.27054552e-09  6.70832772e-01  1.27054552e-09  5.96840977e-01  1.27054552e-09  1.33361924e+00  1.27054552e-09  1.80000000e+00  1.27054552e-09  1.01013827e-02  1.27054552e-09  6.09198825e-01  1.27054552e-09  1.37011425e+00  1.27054552e-09  1.36916305e+00                                 
 1.49211168e-09  6.70728526e-01  1.49211168e-09  5.96838304e-01  1.49211168e-09  1.33276332e+00  1.49211168e-09  1.80000000e+00  1.49211168e-09 -7.96053560e-03  1.49211168e-09  6.08075435e-01  1.49211168e-09  1.36891465e+00  1.49211168e-09  1.36921416e+00                                 
 1.72213990e-09  6.70560989e-01  1.72213990e-09  5.96834980e-01  1.72213990e-09  1.33244567e+00  1.72213990e-09  1.80000000e+00  1.72213990e-09  6.50550386e-03  1.72213990e-09  6.06612457e-01  1.72213990e-09  1.36786981e+00  1.72213990e-09  1.36926018e+00                                 
 2.18219634e-09  6.70238114e-01  2.18219634e-09  5.96810005e-01  2.18219634e-09  1.33097431e+00  2.18219634e-09  1.80000000e+00  2.18219634e-09 -5.88638090e-03  2.18219634e-09  6.04130807e-01  2.18219634e-09  1.36557379e+00  2.18219634e-09  1.36940444e+00                                 
 2.86211039e-09  6.69974306e-01  2.86211039e-09  5.96823841e-01  2.86211039e-09  1.32808849e+00  2.86211039e-09  1.80000000e+00  2.86211039e-09  5.47998689e-03  2.86211039e-09  6.01375949e-01  2.86211039e-09  1.36338852e+00  2.86211039e-09  1.36957940e+00                                 
 4.22193849e-09  6.69758659e-01  4.22193849e-09  5.96791608e-01  4.22193849e-09  1.32000193e+00  4.22193849e-09  1.80000000e+00  4.22193849e-09 -5.30356329e-03  4.22193849e-09  5.97539532e-01  4.22193849e-09  1.35996397e+00  4.22193849e-09  1.36978875e+00                                 
 5.60107231e-09  6.69746046e-01  5.60107231e-09  5.96815243e-01  5.60107231e-09  1.31123724e+00  5.60107231e-09  1.80000000e+00  5.60107231e-09  5.13334189e-03  5.60107231e-09  5.95792816e-01  5.60107231e-09  1.35863293e+00  5.60107231e-09  1.36978219e+00                                 
 6.88667890e-09  6.69757721e-01  6.88667890e-09  5.96791166e-01  6.88667890e-09  1.30174173e+00  6.88667890e-09  1.80000000e+00  6.88667890e-09 -4.94179112e-03  6.88667890e-09  5.94785749e-01  6.88667890e-09  1.35762809e+00  6.88667890e-09  1.36966481e+00                                 
 8.27277030e-09  6.69809488e-01  8.27277030e-09  5.96821366e-01  8.27277030e-09  1.29092737e+00  8.27277030e-09  1.80000000e+00  8.27277030e-09  4.79612381e-03  8.27277030e-09  5.94547343e-01  8.27277030e-09  1.35756547e+00  8.27277030e-09  1.36946875e+00                                 
 1.01185723e-08  6.69849718e-01  1.01185723e-08  5.96797480e-01  1.01185723e-08  1.27474587e+00  1.01185723e-08  1.80000000e+00  1.01185723e-08 -4.66037124e-03  1.01185723e-08  5.94195163e-01  1.01185723e-08  1.35711684e+00  1.01185723e-08  1.36918717e+00                                 
 1.24479893e-08  6.69909787e-01  1.24479893e-08  5.96828609e-01  1.24479893e-08  1.25356030e+00  1.24479893e-08  1.80000000e+00  1.24479893e-08  4.59128037e-03  1.24479893e-08  5.94424783e-01  1.24479893e-08  1.35743579e+00  1.24479893e-08  1.36883216e+00                                 
 1.56272259e-08  6.69933212e-01  1.56272259e-08  5.96802201e-01  1.56272259e-08  1.22283009e+00  1.56272259e-08  1.80000000e+00  1.56272259e-08 -4.50272123e-03  1.56272259e-08  5.94402825e-01  1.56272259e-08  1.35726408e+00  1.56272259e-08  1.36841298e+00                                 
 2.00152986e-08  6.69960994e-01  2.00152986e-08  5.96831772e-01  2.00152986e-08  1.18006280e+00  2.00152986e-08  1.80000000e+00  2.00152986e-08  4.48072209e-03  2.00152986e-08  5.94843975e-01  2.00152986e-08  1.35775439e+00  2.00152986e-08  1.36794872e+00                                 
 2.70388257e-08  6.69949363e-01  2.70388257e-08  5.96803299e-01  2.70388257e-08  1.11075957e+00  2.70388257e-08  1.80000000e+00  2.70388257e-08 -4.42679683e-03  2.70388257e-08  5.94933518e-01  2.70388257e-08  1.35767935e+00  2.70388257e-08  1.36744426e+00                                 
 3.53930104e-08  6.69955227e-01  3.53930104e-08  5.96831331e-01  3.53930104e-08  1.02967431e+00  3.53930104e-08  1.80000000e+00  3.53930104e-08  4.42829931e-03  3.53930104e-08  5.95341688e-01  3.53930104e-08  1.35814829e+00  3.53930104e-08  1.36709193e+00                                 
 5.21013796e-08  6.69936848e-01  5.21013796e-08  5.96803125e-01  5.21013796e-08  8.70229961e-01  5.21013796e-08  1.80000000e+00  5.21013796e-08 -4.38975397e-03  5.21013796e-08  5.95353218e-01  5.21013796e-08  1.35801961e+00  5.21013796e-08  1.36679679e+00                                 
 7.55049382e-08  6.69953233e-01  7.55049382e-08  5.96831102e-01  7.55049382e-08  6.79317271e-01  7.55049382e-08  1.80000000e+00  7.55049382e-08  4.41410510e-03  7.55049382e-08  5.95636136e-01  7.55049382e-08  1.35839115e+00  7.55049382e-08  1.36672810e+00                                 
 9.80292487e-08  6.69935198e-01  9.80292487e-08  5.96803620e-01  9.80292487e-08  6.03148854e-01  9.80292487e-08  1.80000000e+00  9.80292487e-08 -4.36161386e-03  9.80292487e-08  5.95475387e-01  9.80292487e-08  1.35812362e+00  9.80292487e-08  1.36675048e+00                                 
 1.18582177e-07  6.69945840e-01  1.18582177e-07  5.96830020e-01  1.18582177e-07  5.96851798e-01  1.18582177e-07  1.80000000e+00  1.18582177e-07  4.40090115e-03  1.18582177e-07  5.95654900e-01  1.18582177e-07  1.35840695e+00  1.18582177e-07  1.36676091e+00                                 
 1.33377209e-07  6.69937038e-01  1.33377209e-07  5.96803932e-01  1.33377209e-07  5.94464134e-01  1.33377209e-07  1.80000000e+00  1.33377209e-07 -4.33913049e-03  1.33377209e-07  5.95466880e-01  1.33377209e-07  1.35811592e+00  1.33377209e-07  1.36676389e+00                                 
 1.51352288e-07  6.69948318e-01  1.51352288e-07  5.96830115e-01  1.51352288e-07  5.95012121e-01  1.51352288e-07  1.80000000e+00  1.51352288e-07  4.37753885e-03  1.51352288e-07  5.95656312e-01  1.51352288e-07  1.35840675e+00  1.51352288e-07  1.36676256e+00                                 
 1.87302447e-07  6.69936371e-01  1.87302447e-07  5.96803859e-01  1.87302447e-07  5.93874608e-01  1.87302447e-07  1.80000000e+00  1.87302447e-07 -4.32338360e-03  1.87302447e-07  5.95464517e-01  1.87302447e-07  1.35811232e+00  1.87302447e-07  1.36676316e+00                                 
 2.39549891e-07  6.69948877e-01  2.39549891e-07  5.96830188e-01  2.39549891e-07  5.94764136e-01  2.39549891e-07  1.80000000e+00  2.39549891e-07  4.36863797e-03  2.39549891e-07  5.95656704e-01  2.39549891e-07  1.35840401e+00  2.39549891e-07  1.36675956e+00                                 
 3.29901121e-07  6.69936087e-01  3.29901121e-07  5.96803817e-01  3.29901121e-07  5.93899071e-01  3.29901121e-07  1.80000000e+00  3.29901121e-07 -4.31770710e-03  3.29901121e-07  5.95464133e-01  3.29901121e-07  1.35810731e+00  3.29901121e-07  1.36675832e+00                                 
 4.82361434e-07  6.69949030e-01  4.82361434e-07  5.96830213e-01  4.82361434e-07  5.94741202e-01  4.82361434e-07  1.80000000e+00  4.82361434e-07  4.36529629e-03  4.82361434e-07  5.95656916e-01  4.82361434e-07  1.35839605e+00  4.82361434e-07  1.36675146e+00                                 
 7.30452996e-07  6.69936000e-01  7.30452996e-07  5.96803802e-01  7.30452996e-07  5.93905057e-01  7.30452996e-07  1.80000000e+00  7.30452996e-07 -4.31571818e-03  7.30452996e-07  5.95464009e-01  7.30452996e-07  1.35809386e+00  7.30452996e-07  1.36674496e+00                                 
 1.22663612e-06  6.69949079e-01  1.22663612e-06  5.96830221e-01  1.22663612e-06  5.94734217e-01  1.22663612e-06  1.80000000e+00  1.22663612e-06  4.36415046e-03  1.22663612e-06  5.95656986e-01  1.22663612e-06  1.35837123e+00  1.22663612e-06  1.36672663e+00                                 
 2.21900237e-06  6.69935975e-01  2.21900237e-06  5.96803798e-01  2.21900237e-06  5.93906352e-01  2.21900237e-06  1.80000000e+00  2.21900237e-06 -4.31515052e-03  2.21900237e-06  5.95463974e-01  2.21900237e-06  1.35804412e+00  2.21900237e-06  1.36669531e+00                                 
 3.41900237e-06  6.69949093e-01  3.41900237e-06  5.96830224e-01  3.41900237e-06  5.94732210e-01  3.41900237e-06  1.80000000e+00  3.41900237e-06  4.36380159e-03  3.41900237e-06  5.95657006e-01  3.41900237e-06  1.35829806e+00  3.41900237e-06  1.36665352e+00                                 
 4.61900237e-06  6.69935962e-01  4.61900237e-06  5.96803796e-01  4.61900237e-06  5.93907660e-01  4.61900237e-06  1.80000000e+00  4.61900237e-06 -4.31483758e-03  4.61900237e-06  5.95463956e-01  4.61900237e-06  1.35796404e+00  4.61900237e-06  1.36661532e+00                                 
 5.81900237e-06  6.69949106e-01  5.81900237e-06  5.96830226e-01  5.81900237e-06  5.94728826e-01  5.81900237e-06  1.80000000e+00  5.81900237e-06  4.36348573e-03  5.81900237e-06  5.95657025e-01  5.81900237e-06  1.35821803e+00  5.81900237e-06  1.36657357e+00                                 
 6.00100000e-06  6.69935914e-01  6.00100000e-06  5.96803787e-01  6.00100000e-06  5.93910941e-01  6.00100000e-06  1.80000000e+00  6.00100000e-06 -4.31364907e-03  6.00100000e-06  5.95463886e-01  6.00100000e-06  1.35791791e+00  6.00100000e-06  1.36656929e+00                                 
 6.00110000e-06  6.69891824e-01  6.00110000e-06  5.96581358e-01  6.00110000e-06  5.92374898e-01  6.00110000e-06  1.62000000e+00  6.00110000e-06 -5.09569330e-04  6.00110000e-06  5.94077224e-01  6.00110000e-06  1.35679299e+00  6.00110000e-06  1.36655971e+00                                 
 6.00130000e-06  6.69927693e-01  6.00130000e-06  5.96571741e-01  6.00130000e-06  5.92362821e-01  6.00130000e-06  1.26000000e+00  6.00130000e-06  3.44321998e-04  6.00130000e-06  5.93687565e-01  6.00130000e-06  1.35647421e+00  6.00130000e-06  1.36657144e+00                                 
 6.00164240e-06  6.69997442e-01  6.00164240e-06  5.96782226e-01  6.00164240e-06  5.94528701e-01  6.00164240e-06  6.43680238e-01  6.00164240e-06  1.22658037e-02  6.00164240e-06  5.94011859e-01  6.00164240e-06  1.35354345e+00  6.00164240e-06  1.36655100e+00                                 
 6.00196152e-06  6.69933094e-01  6.00196152e-06  5.95725820e-01  6.00196152e-06  6.25099452e-01  6.00196152e-06  6.92693366e-02  6.00196152e-06  1.58802022e+00  6.00196152e-06  5.82943480e-01  6.00196152e-06  1.17518725e+00  6.00196152e-06  1.36596277e+00                                 
 6.00200000e-06  6.69900649e-01  6.00200000e-06  5.94835053e-01  6.00200000e-06  6.35881423e-01  6.00200000e-06  0.00000000e+00  6.00200000e-06  1.75867451e+00  6.00200000e-06  5.73740516e-01  6.00200000e-06  1.11277238e+00  6.00200000e-06  1.36576159e+00                                 
 6.00202747e-06  6.69943239e-01  6.00202747e-06  5.94470996e-01  6.00202747e-06  6.39715953e-01  6.00202747e-06  0.00000000e+00  6.00202747e-06  1.77865386e+00  6.00202747e-06  5.68996262e-01  6.00202747e-06  1.06152266e+00  6.00202747e-06  1.36585577e+00                                 
 6.00208241e-06  6.69951495e-01  6.00208241e-06  5.93987814e-01  6.00208241e-06  6.41063923e-01  6.00208241e-06  0.00000000e+00  6.00208241e-06  1.79751290e+00  6.00208241e-06  5.63316879e-01  6.00208241e-06  9.66570300e-01  6.00208241e-06  1.36625320e+00                                 
 6.00217852e-06  6.69937220e-01  6.00217852e-06  5.93882604e-01  6.00217852e-06  6.34929478e-01  6.00217852e-06  0.00000000e+00  6.00217852e-06  1.79721253e+00  6.00217852e-06  5.62608574e-01  6.00217852e-06  8.33200318e-01  6.00217852e-06  1.36666385e+00                                 
 6.00237072e-06  6.69948236e-01  6.00237072e-06  5.94846431e-01  6.00237072e-06  6.17981568e-01  6.00237072e-06  0.00000000e+00  6.00237072e-06  1.79921318e+00  6.00237072e-06  5.73080000e-01  6.00237072e-06  6.78596508e-01  6.00237072e-06  1.36702511e+00                                 
 6.00255740e-06  6.69937444e-01  6.00255740e-06  5.95969343e-01  6.00255740e-06  6.04078577e-01  6.00255740e-06  0.00000000e+00  6.00255740e-06  1.80001002e+00  6.00255740e-06  5.84646474e-01  6.00255740e-06  6.23992376e-01  6.00255740e-06  1.36697929e+00                                 
 6.00273278e-06  6.69946515e-01  6.00273278e-06  5.96609119e-01  6.00273278e-06  5.99161860e-01  6.00273278e-06  0.00000000e+00  6.00273278e-06  1.80011508e+00  6.00273278e-06  5.90558166e-01  6.00273278e-06  6.06344120e-01  6.00273278e-06  1.36638546e+00                                 
 6.00292436e-06  6.69938754e-01  6.00292436e-06  5.96975734e-01  6.00292436e-06  5.96172571e-01  6.00292436e-06  0.00000000e+00  6.00292436e-06  1.80003026e+00  6.00292436e-06  5.93843851e-01  6.00292436e-06  5.99326579e-01  6.00292436e-06  1.36533678e+00                                 
 6.00317433e-06  6.69945681e-01  6.00317433e-06  5.97167768e-01  6.00317433e-06  5.95730245e-01  6.00317433e-06  0.00000000e+00  6.00317433e-06  1.80005622e+00  6.00317433e-06  5.95447759e-01  6.00317433e-06  5.96186158e-01  6.00317433e-06  1.36369382e+00                                 
 6.00355819e-06  6.69939575e-01  6.00355819e-06  5.97243516e-01  6.00355819e-06  5.95758769e-01  6.00355819e-06  0.00000000e+00  6.00355819e-06  1.79999277e+00  6.00355819e-06  5.96355713e-01  6.00355819e-06  5.95891276e-01  6.00355819e-06  1.36084519e+00                                 
 6.00413754e-06  6.69945428e-01  6.00413754e-06  5.97215830e-01  6.00413754e-06  5.97617182e-01  6.00413754e-06  0.00000000e+00  6.00413754e-06  1.80003796e+00  6.00413754e-06  5.96513011e-01  6.00413754e-06  5.97149295e-01  6.00413754e-06  1.35623128e+00                                 
 6.00508069e-06  6.69939854e-01  6.00508069e-06  5.97156378e-01  6.00508069e-06  6.00121982e-01  6.00508069e-06  0.00000000e+00  6.00508069e-06  1.79999046e+00  6.00508069e-06  5.96703103e-01  6.00508069e-06  6.00060249e-01  6.00508069e-06  1.34823721e+00                                 
 6.00696697e-06  6.69945227e-01  6.00696697e-06  5.97029280e-01  6.00696697e-06  6.06228503e-01  6.00696697e-06  0.00000000e+00  6.00696697e-06  1.80003639e+00  6.00696697e-06  5.96600297e-01  6.00696697e-06  6.05719156e-01  6.00696697e-06  1.33131482e+00                                 
 6.01073954e-06  6.69939845e-01  6.01073954e-06  5.96868416e-01  6.01073954e-06  6.17414537e-01  6.01073954e-06  0.00000000e+00  6.01073954e-06  1.79998968e+00  6.01073954e-06  5.96506061e-01  6.01073954e-06  6.17315696e-01  6.01073954e-06  1.29621504e+00                                 
 6.01672123e-06  6.69945181e-01  6.01672123e-06  5.96797514e-01  6.01672123e-06  6.35470665e-01  6.01672123e-06  0.00000000e+00  6.01672123e-06  1.80003557e+00  6.01672123e-06  5.96154600e-01  6.01672123e-06  6.34902846e-01  6.01672123e-06  1.23956307e+00                                 
 6.02868462e-06  6.69939876e-01  6.02868462e-06  5.96810836e-01  6.02868462e-06  6.69297050e-01  6.02868462e-06  0.00000000e+00  6.02868462e-06  1.79998893e+00  6.02868462e-06  5.95892018e-01  6.02868462e-06  6.69163944e-01  6.02868462e-06  1.12517048e+00                                 
 6.04248090e-06  6.69945175e-01  6.04248090e-06  5.96810489e-01  6.04248090e-06  7.06664486e-01  6.04248090e-06  0.00000000e+00  6.04248090e-06  1.80003414e+00  6.04248090e-06  5.95626311e-01  6.04248090e-06  7.05981909e-01  6.04248090e-06  9.96055251e-01                                 
 6.05977020e-06  6.69939891e-01  6.05977020e-06  5.96818832e-01  6.05977020e-06  7.49583970e-01  6.05977020e-06  0.00000000e+00  6.05977020e-06  1.79998734e+00  6.05977020e-06  5.95630025e-01  6.05977020e-06  7.49430999e-01  6.05977020e-06  8.65246824e-01                                 
 6.08247128e-06  6.69945167e-01  6.08247128e-06  5.96814034e-01  6.08247128e-06  8.01482909e-01  6.08247128e-06  0.00000000e+00  6.08247128e-06  1.80003184e+00  6.08247128e-06  5.95512081e-01  6.08247128e-06  8.00639309e-01  6.08247128e-06  7.96706195e-01                                 
 6.10481414e-06  6.69939899e-01  6.10481414e-06  5.96819795e-01  6.10481414e-06  8.46632247e-01  6.10481414e-06  0.00000000e+00  6.10481414e-06  1.79998512e+00  6.10481414e-06  5.95597395e-01  6.10481414e-06  8.46616897e-01  6.10481414e-06  8.22381051e-01                                 
 6.11784972e-06  6.69945157e-01  6.11784972e-06  5.96814169e-01  6.11784972e-06  8.71162967e-01  6.11784972e-06  0.00000000e+00  6.11784972e-06  1.80002982e+00  6.11784972e-06  5.95503752e-01  6.11784972e-06  8.70133067e-01  6.11784972e-06  8.47550950e-01                                 
 6.13369867e-06  6.69939910e-01  6.13369867e-06  5.96819987e-01  6.13369867e-06  8.98203663e-01  6.13369867e-06  0.00000000e+00  6.13369867e-06  1.79998415e+00  6.13369867e-06  5.95602173e-01  6.13369867e-06  8.98203384e-01  6.13369867e-06  8.75254326e-01                                 
 6.15088754e-06  6.69945147e-01  6.15088754e-06  5.96813911e-01  6.15088754e-06  9.25731729e-01  6.15088754e-06  0.00000000e+00  6.15088754e-06  1.80002808e+00  6.15088754e-06  5.95499831e-01  6.15088754e-06  9.24521487e-01  6.15088754e-06  9.04163725e-01                                 
 6.18526528e-06  6.69939917e-01  6.18526528e-06  5.96820233e-01  6.18526528e-06  9.72968750e-01  6.18526528e-06  0.00000000e+00  6.18526528e-06  1.79998250e+00  6.18526528e-06  5.95607458e-01  6.18526528e-06  9.73087185e-01  6.18526528e-06  9.54188602e-01                                 
 6.25402076e-06  6.69945144e-01  6.25402076e-06  5.96813765e-01  6.25402076e-06  1.04574524e+00  6.25402076e-06  0.00000000e+00  6.25402076e-06  1.80002490e+00  6.25402076e-06  5.95500691e-01  6.25402076e-06  1.04444218e+00  6.25402076e-06  1.03345899e+00                                 
 6.39153172e-06  6.69939919e-01  6.39153172e-06  5.96820305e-01  6.39153172e-06  1.12927678e+00  6.39153172e-06  0.00000000e+00  6.39153172e-06  1.79997897e+00  6.39153172e-06  5.95613355e-01  6.39153172e-06  1.12980592e+00  6.39153172e-06  1.12823434e+00                                 
 6.57475667e-06  6.69945143e-01  6.57475667e-06  5.96813708e-01  6.57475667e-06  1.17316158e+00  6.57475667e-06  0.00000000e+00  6.57475667e-06  1.80002233e+00  6.57475667e-06  5.95504301e-01  6.57475667e-06  1.17248317e+00  6.57475667e-06  1.17915580e+00                                 
 6.75134241e-06  6.69939920e-01  6.75134241e-06  5.96820345e-01  6.75134241e-06  1.18531621e+00  6.75134241e-06  0.00000000e+00  6.75134241e-06  1.79997804e+00  6.75134241e-06  5.95616104e-01  6.75134241e-06  1.18591024e+00  6.75134241e-06  1.19294958e+00                                 
 6.99105782e-06  6.69945142e-01  6.99105782e-06  5.96813667e-01  6.99105782e-06  1.19026518e+00  6.99105782e-06  0.00000000e+00  6.99105782e-06  1.80002201e+00  6.99105782e-06  5.95504420e-01  6.99105782e-06  1.18966397e+00  6.99105782e-06  1.19883874e+00                                 
 7.34409068e-06  6.69939921e-01  7.34409068e-06  5.96820373e-01  7.34409068e-06  1.19084217e+00  7.34409068e-06  0.00000000e+00  7.34409068e-06  1.79997797e+00  7.34409068e-06  5.95616674e-01  7.34409068e-06  1.19143747e+00  7.34409068e-06  1.19938908e+00                                 
 8.05015642e-06  6.69945142e-01  8.05015642e-06  5.96813649e-01  8.05015642e-06  1.19113923e+00  8.05015642e-06  0.00000000e+00  8.05015642e-06  1.80002199e+00  8.05015642e-06  5.95504248e-01  8.05015642e-06  1.19054427e+00  8.05015642e-06  1.19982175e+00                                 
 9.23205346e-06  6.69939921e-01  9.23205346e-06  5.96820383e-01  9.23205346e-06  1.19081979e+00  9.23205346e-06  0.00000000e+00  9.23205346e-06  1.79997798e+00  9.23205346e-06  5.95616780e-01  9.23205346e-06  1.19141360e+00  9.23205346e-06  1.19937615e+00                                 
 1.04320535e-05  6.69945141e-01  1.04320535e-05  5.96813642e-01  1.04320535e-05  1.19114655e+00  1.04320535e-05  0.00000000e+00  1.04320535e-05  1.80002198e+00  1.04320535e-05  5.95504170e-01  1.04320535e-05  1.19055270e+00  1.04320535e-05  1.19982162e+00                                 
 1.16320535e-05  6.69939921e-01  1.16320535e-05  5.96820390e-01  1.16320535e-05  1.19081613e+00  1.16320535e-05  0.00000000e+00  1.16320535e-05  1.79997798e+00  1.16320535e-05  5.95616856e-01  1.16320535e-05  1.19140887e+00  1.16320535e-05  1.19938045e+00                                 
 1.20000000e-05  6.69945141e-01  1.20000000e-05  5.96813627e-01  1.20000000e-05  1.19115004e+00  1.20000000e-05  0.00000000e+00  1.20000000e-05  1.80002197e+00  1.20000000e-05  5.95504010e-01  1.20000000e-05  1.19055849e+00  1.20000000e-05  1.19981006e+00                                 
 1.20001000e-05  6.69967896e-01  1.20001000e-05  5.96986367e-01  1.20001000e-05  1.19226767e+00  1.20001000e-05  1.80000000e-01  1.20001000e-05  1.80018453e+00  1.20001000e-05  5.97005373e-01  1.20001000e-05  1.19191454e+00  1.20001000e-05  1.19978900e+00                                 
 1.20003000e-05  6.69949597e-01  1.20003000e-05  5.97010473e-01  1.20003000e-05  1.19195784e+00  1.20003000e-05  5.40000000e-01  1.20003000e-05  1.79993697e+00  1.20003000e-05  5.97375302e-01  1.20003000e-05  1.19224431e+00  1.20003000e-05  1.19973305e+00                                 
 1.20006241e-05  6.69884049e-01  1.20006241e-05  5.96397056e-01  1.20006241e-05  1.18926191e+00  1.20006241e-05  1.12332590e+00  1.20006241e-05  1.80156026e+00  1.20006241e-05  5.92225967e-01  1.20006241e-05  1.18969152e+00  1.20006241e-05  1.19969410e+00                                 
 1.20009542e-05  6.70298918e-01  1.20009542e-05  5.96969505e-01  1.20009542e-05  1.17626046e+00  1.20009542e-05  1.71751834e+00  1.20009542e-05  1.46325940e-01  1.20009542e-05  5.96042326e-01  1.20009542e-05  1.19130508e+00  1.20009542e-05  1.19970779e+00                                 
 1.20010000e-05  6.70608497e-01  1.20010000e-05  5.97247500e-01  1.20010000e-05  1.17129887e+00  1.20010000e-05  1.80000000e+00  1.20010000e-05 -1.90735778e-02  1.20010000e-05  5.98850496e-01  1.20010000e-05  1.19235794e+00  1.20010000e-05  1.19971450e+00                                 
 1.20010163e-05  6.70666687e-01  1.20010163e-05  5.97174978e-01  1.20010163e-05  1.16932524e+00  1.20010163e-05  1.80000000e+00  1.20010163e-05 -7.33088830e-03  1.20010163e-05  5.98329183e-01  1.20010163e-05  1.19218292e+00  1.20010163e-05  1.19970041e+00                                 
 1.20010489e-05  6.70745561e-01  1.20010489e-05  5.97029484e-01  1.20010489e-05  1.16643248e+00  1.20010489e-05  1.80000000e+00  1.20010489e-05  2.00978502e-03  1.20010489e-05  5.97053847e-01  1.20010489e-05  1.19135756e+00  1.20010489e-05  1.19967414e+00                                 
 1.20011142e-05  6.70828706e-01  1.20011142e-05  5.96879184e-01  1.20011142e-05  1.16464682e+00  1.20011142e-05  1.80000000e+00  1.20011142e-05 -4.83708545e-04  1.20011142e-05  5.95748272e-01  1.20011142e-05  1.19025879e+00  1.20011142e-05  1.19967515e+00                                 
 1.20012446e-05  6.70864848e-01  1.20012446e-05  5.96853358e-01  1.20012446e-05  1.16440646e+00  1.20012446e-05  1.80000000e+00  1.20012446e-05  5.93799861e-04  1.20012446e-05  5.95796941e-01  1.20012446e-05  1.19031006e+00  1.20012446e-05  1.19968436e+00                                 
 1.20014714e-05  6.70710284e-01  1.20014714e-05  5.96826981e-01  1.20014714e-05  1.16475873e+00  1.20014714e-05  1.80000000e+00  1.20014714e-05 -4.67038217e-04  1.20014714e-05  5.95654776e-01  1.20014714e-05  1.19017206e+00  1.20014714e-05  1.19967182e+00                                 
 1.20017451e-05  6.70469906e-01  1.20017451e-05  5.96821973e-01  1.20017451e-05  1.16550859e+00  1.20017451e-05  1.80000000e+00  1.20017451e-05  3.38734440e-04  1.20017451e-05  5.95701453e-01  1.20017451e-05  1.19022307e+00  1.20017451e-05  1.19967130e+00                                 
 1.20021837e-05  6.70160763e-01  1.20021837e-05  5.96816628e-01  1.20021837e-05  1.16530021e+00  1.20021837e-05  1.80000000e+00  1.20021837e-05 -3.66472069e-04  1.20021837e-05  5.95630094e-01  1.20021837e-05  1.19015120e+00  1.20021837e-05  1.19964890e+00                                 
 1.20029310e-05  6.69893414e-01  1.20029310e-05  5.96816937e-01  1.20029310e-05  1.16299412e+00  1.20029310e-05  1.80000000e+00  1.20029310e-05  2.99898516e-04  1.20029310e-05  5.95664130e-01  1.20029310e-05  1.19018917e+00  1.20029310e-05  1.19962741e+00                                 
 1.20044258e-05  6.69747339e-01  1.20044258e-05  5.96812406e-01  1.20044258e-05  1.15425177e+00  1.20044258e-05  1.80000000e+00  1.20044258e-05 -3.17800777e-04  1.20044258e-05  5.95576031e-01  1.20044258e-05  1.19010281e+00  1.20044258e-05  1.19956435e+00                                 
 1.20071238e-05  6.69805919e-01  1.20071238e-05  5.96814665e-01  1.20071238e-05  1.13422209e+00  1.20071238e-05  1.80000000e+00  1.20071238e-05  3.04301227e-04  1.20071238e-05  5.95593908e-01  1.20071238e-05  1.19012361e+00  1.20071238e-05  1.19947180e+00                                 
 1.20112895e-05  6.69893503e-01  1.20112895e-05  5.96814506e-01  1.20112895e-05  1.09851096e+00  1.20112895e-05  1.80000000e+00  1.20112895e-05 -3.00087014e-04  1.20112895e-05  5.95523757e-01  1.20112895e-05  1.19004931e+00  1.20112895e-05  1.19932837e+00                                 
 1.20158877e-05  6.69941771e-01  1.20158877e-05  5.96817725e-01  1.20158877e-05  1.05575351e+00  1.20158877e-05  1.80000000e+00  1.20158877e-05  3.02747511e-04  1.20158877e-05  5.95571885e-01  1.20158877e-05  1.19009454e+00  1.20158877e-05  1.19920748e+00                                 
 1.20208491e-05  6.69948080e-01  1.20208491e-05  5.96816184e-01  1.20208491e-05  1.00829243e+00  1.20208491e-05  1.80000000e+00  1.20208491e-05 -2.92636364e-04  1.20208491e-05  5.95523717e-01  1.20208491e-05  1.19004050e+00  1.20208491e-05  1.19909046e+00                                 
 1.20271298e-05  6.69953868e-01  1.20271298e-05  5.96817822e-01  1.20271298e-05  9.48174607e-01  1.20271298e-05  1.80000000e+00  1.20271298e-05  2.99224744e-04  1.20271298e-05  5.95571774e-01  1.20271298e-05  1.19008674e+00  1.20271298e-05  1.19898786e+00                                 
 1.20363078e-05  6.69947112e-01  1.20363078e-05  5.96815877e-01  1.20363078e-05  8.60959254e-01  1.20363078e-05  1.80000000e+00  1.20363078e-05 -2.87859185e-04  1.20363078e-05  5.95517099e-01  1.20363078e-05  1.19002777e+00  1.20363078e-05  1.19886840e+00                                 
 1.20489279e-05  6.69950819e-01  1.20489279e-05  5.96818318e-01  1.20489279e-05  7.46172913e-01  1.20489279e-05  1.80000000e+00  1.20489279e-05  2.99847522e-04  1.20489279e-05  5.95572924e-01  1.20489279e-05  1.19008135e+00  1.20489279e-05  1.19877913e+00                                 
 1.20620853e-05  6.69942437e-01  1.20620853e-05  5.96816492e-01  1.20620853e-05  6.54570548e-01  1.20620853e-05  1.80000000e+00  1.20620853e-05 -2.79528569e-04  1.20620853e-05  5.95537942e-01  1.20620853e-05  1.19004125e+00  1.20620853e-05  1.19872291e+00                                 
 1.20796707e-05  6.69945937e-01  1.20796707e-05  5.96817949e-01  1.20796707e-05  6.07435383e-01  1.20796707e-05  1.80000000e+00  1.20796707e-05  3.06792986e-04  1.20796707e-05  5.95594119e-01  1.20796707e-05  1.19009710e+00  1.20796707e-05  1.19870167e+00                                 
 1.20963744e-05  6.69935245e-01  1.20963744e-05  5.96815860e-01  1.20963744e-05  5.98928485e-01  1.20963744e-05  1.80000000e+00  1.20963744e-05 -2.74936820e-04  1.20963744e-05  5.95538362e-01  1.20963744e-05  1.19004023e+00  1.20963744e-05  1.19868501e+00                                 
 1.21126640e-05  6.69947447e-01  1.21126640e-05  5.96818039e-01  1.21126640e-05  5.95220323e-01  1.21126640e-05  1.80000000e+00  1.21126640e-05  3.05857415e-04  1.21126640e-05  5.95586648e-01  1.21126640e-05  1.19008965e+00  1.21126640e-05  1.19868444e+00                                 
 1.21289628e-05  6.69938026e-01  1.21289628e-05  5.96815985e-01  1.21289628e-05  5.94987524e-01  1.21289628e-05  1.80000000e+00  1.21289628e-05 -2.73097915e-04  1.21289628e-05  5.95536462e-01  1.21289628e-05  1.19003762e+00  1.21289628e-05  1.19867466e+00                                 
 1.21615605e-05  6.69946427e-01  1.21615605e-05  5.96818014e-01  1.21615605e-05  5.94056340e-01  1.21615605e-05  1.80000000e+00  1.21615605e-05  3.04693819e-04  1.21615605e-05  5.95585020e-01  1.21615605e-05  1.19008691e+00  1.21615605e-05  1.19867699e+00                                 
 1.22038477e-05  6.69938966e-01  1.22038477e-05  5.96816024e-01  1.22038477e-05  5.94511531e-01  1.22038477e-05  1.80000000e+00  1.22038477e-05 -2.72352747e-04  1.22038477e-05  5.95536025e-01  1.22038477e-05  1.19003537e+00  1.22038477e-05  1.19866921e+00                                 
 1.22884223e-05  6.69945941e-01  1.22884223e-05  5.96818000e-01  1.22884223e-05  5.94094959e-01  1.22884223e-05  1.80000000e+00  1.22884223e-05  3.04222979e-04  1.22884223e-05  5.95584957e-01  1.22884223e-05  1.19008378e+00  1.22884223e-05  1.19867321e+00                                 
 1.24509303e-05  6.69939198e-01  1.24509303e-05  5.96816031e-01  1.24509303e-05  5.94494354e-01  1.24509303e-05  1.80000000e+00  1.24509303e-05 -2.72114978e-04  1.24509303e-05  5.95536043e-01  1.24509303e-05  1.19002943e+00  1.24509303e-05  1.19866324e+00                                 
 1.27349523e-05  6.69945820e-01  1.27349523e-05  5.96817996e-01  1.27349523e-05  5.94103982e-01  1.27349523e-05  1.80000000e+00  1.27349523e-05  3.04095194e-04  1.27349523e-05  5.95584950e-01  1.27349523e-05  1.19007299e+00  1.27349523e-05  1.19866243e+00                                 
 1.33029963e-05  6.69939263e-01  1.33029963e-05  5.96816033e-01  1.33029963e-05  5.94490270e-01  1.33029963e-05  1.80000000e+00  1.33029963e-05 -2.72045298e-04  1.33029963e-05  5.95536047e-01  1.33029963e-05  1.19000883e+00  1.33029963e-05  1.19864263e+00                                 
 1.44390842e-05  6.69945789e-01  1.44390842e-05  5.96817996e-01  1.44390842e-05  5.94105203e-01  1.44390842e-05  1.80000000e+00  1.44390842e-05  3.04060357e-04  1.44390842e-05  5.95584948e-01  1.44390842e-05  1.19003177e+00  1.44390842e-05  1.19862119e+00                                 
 1.56390842e-05  6.69939284e-01  1.56390842e-05  5.96816034e-01  1.56390842e-05  5.94489674e-01  1.56390842e-05  1.80000000e+00  1.56390842e-05 -2.72022702e-04  1.56390842e-05  5.95536048e-01  1.56390842e-05  1.18995237e+00  1.56390842e-05  1.19858614e+00                                 
 1.68390842e-05  6.69945768e-01  1.68390842e-05  5.96817995e-01  1.68390842e-05  5.94108419e-01  1.68390842e-05  1.80000000e+00  1.68390842e-05  3.04038378e-04  1.68390842e-05  5.95584947e-01  1.68390842e-05  1.18997381e+00  1.68390842e-05  1.19856322e+00                                 
 1.80010000e-05  6.69939304e-01  1.80010000e-05  5.96816034e-01  1.80010000e-05  5.94488323e-01  1.80010000e-05  1.80000000e+00  1.80010000e-05 -2.72000376e-04  1.80010000e-05  5.95536049e-01  1.80010000e-05  1.18989535e+00  1.80010000e-05  1.19852909e+00                                 
 1.80011000e-05  6.69889631e-01  1.80011000e-05  5.96580374e-01  1.80011000e-05  5.92809190e-01  1.80011000e-05  1.62000000e+00  1.80011000e-05 -1.17998618e-04  1.80011000e-05  5.94064700e-01  1.80011000e-05  1.18865248e+00  1.80011000e-05  1.19852233e+00                                 
 1.80013000e-05  6.69924376e-01  1.80013000e-05  5.96571306e-01  1.80013000e-05  5.92654860e-01  1.80013000e-05  1.26000000e+00  1.80013000e-05  3.01521203e-05  1.80013000e-05  5.93691976e-01  1.80013000e-05  1.18834183e+00  1.80013000e-05  1.19853639e+00                                 
 1.80016448e-05  6.69995411e-01  1.80016448e-05  5.96767626e-01  1.80016448e-05  5.94614785e-01  1.80016448e-05  6.39325612e-01  1.80016448e-05  2.30016138e-02  1.80016448e-05  5.93829738e-01  1.80016448e-05  1.18496133e+00  1.80016448e-05  1.19851232e+00                                 
 1.80020000e-05  6.69922421e-01  1.80020000e-05  5.96084288e-01  1.80020000e-05  6.19536700e-01  1.80020000e-05  3.67661457e-12  1.80020000e-05  1.61701773e+00  1.80020000e-05  5.87165314e-01  1.80020000e-05  1.02594978e+00  1.80020000e-05  1.19801290e+00                                 
 1.80020464e-05  6.69939806e-01  1.80020464e-05  5.95406590e-01  1.80020464e-05  6.28111569e-01  1.80020464e-05  0.00000000e+00  1.80020464e-05  1.73398749e+00  1.80020464e-05  5.79455420e-01  1.80020464e-05  9.60750017e-01  1.80020464e-05  1.19785343e+00                                 
 1.80021393e-05  6.69944167e-01  1.80021393e-05  5.94493762e-01  1.80021393e-05  6.33049593e-01  1.80021393e-05  0.00000000e+00  1.80021393e-05  1.81454123e+00  1.80021393e-05  5.69061594e-01  1.80021393e-05  8.33818532e-01  1.80021393e-05  1.19812298e+00                                 
 1.80023031e-05  6.69939908e-01  1.80023031e-05  5.94872534e-01  1.80023031e-05  6.17970622e-01  1.80023031e-05  0.00000000e+00  1.80023031e-05  1.78867930e+00  1.80023031e-05  5.73551711e-01  1.80023031e-05  6.87701698e-01  1.80023031e-05  1.19887044e+00                                 
 1.80024730e-05  6.69942506e-01  1.80024730e-05  5.95833255e-01  1.80024730e-05  6.05903151e-01  1.80024730e-05  0.00000000e+00  1.80024730e-05  1.80541316e+00  1.80024730e-05  5.84029140e-01  1.80024730e-05  6.30430482e-01  1.80024730e-05  1.19888828e+00                                 
 1.80026140e-05  6.69939942e-01  1.80026140e-05  5.96311896e-01  1.80026140e-05  6.00445765e-01  1.80026140e-05  0.00000000e+00  1.80026140e-05  1.79731314e+00  1.80026140e-05  5.88520372e-01  1.80026140e-05  6.10839824e-01  1.80026140e-05  1.19866851e+00                                 
 1.80027989e-05  6.69942388e-01  1.80027989e-05  5.96794662e-01  1.80027989e-05  5.97015355e-01  1.80027989e-05  0.00000000e+00  1.80027989e-05  1.80167670e+00  1.80027989e-05  5.93133919e-01  1.80027989e-05  6.01419832e-01  1.80027989e-05  1.19776592e+00                                 
 1.80030246e-05  6.69940607e-01  1.80030246e-05  5.96991709e-01  1.80030246e-05  5.95722163e-01  1.80030246e-05  0.00000000e+00  1.80030246e-05  1.79897727e+00  1.80030246e-05  5.94662398e-01  1.80030246e-05  5.96649426e-01  1.80030246e-05  1.19644800e+00                                 
 1.80033677e-05  6.69942753e-01  1.80033677e-05  5.97144719e-01  1.80033677e-05  5.95599523e-01  1.80033677e-05  0.00000000e+00  1.80033677e-05  1.80082224e+00  1.80033677e-05  5.96176776e-01  1.80033677e-05  5.95889070e-01  1.80033677e-05  1.19396215e+00                                 
 1.80038495e-05  6.69941290e-01  1.80038495e-05  5.97119157e-01  1.80038495e-05  5.96805921e-01  1.80038495e-05  0.00000000e+00  1.80038495e-05  1.79935226e+00  1.80038495e-05  5.96104489e-01  1.80038495e-05  5.96338873e-01  1.80038495e-05  1.19024223e+00                                 
 1.80046576e-05  6.69943157e-01  1.80046576e-05  5.97109161e-01  1.80046576e-05  5.99043883e-01  1.80046576e-05  0.00000000e+00  1.80046576e-05  1.80060262e+00  1.80046576e-05  5.96577031e-01  1.80046576e-05  5.99002196e-01  1.80046576e-05  1.18348273e+00                                 
 1.80061061e-05  6.69941667e-01  1.80061061e-05  5.97007734e-01  1.80061061e-05  6.03577140e-01  1.80061061e-05  0.00000000e+00  1.80061061e-05  1.79946141e+00  1.80061061e-05  5.96272616e-01  1.80061061e-05  6.03058808e-01  1.80061061e-05  1.17074330e+00                                 
 1.80090032e-05  6.69943306e-01  1.80090032e-05  5.96913595e-01  1.80090032e-05  6.12347151e-01  1.80090032e-05  0.00000000e+00  1.80090032e-05  1.80054705e+00  1.80090032e-05  5.96499344e-01  1.80090032e-05  6.12262294e-01  1.80090032e-05  1.14408080e+00                                 
 1.80144378e-05  6.69941738e-01  1.80144378e-05  5.96795456e-01  1.80144378e-05  6.28722400e-01  1.80144378e-05  0.00000000e+00  1.80144378e-05  1.79948743e+00  1.80144378e-05  5.95976820e-01  1.80144378e-05  6.28150237e-01  1.80144378e-05  1.09319233e+00                                 
 1.80239538e-05  6.69943309e-01  1.80239538e-05  5.96819854e-01  1.80239538e-05  6.56169072e-01  1.80239538e-05  0.00000000e+00  1.80239538e-05  1.80053200e+00  1.80239538e-05  5.96031317e-01  1.80239538e-05  6.56034518e-01  1.80239538e-05  1.00311985e+00                                 
 1.80390270e-05  6.69941748e-01  1.80390270e-05  5.96800411e-01  1.80390270e-05  6.97542177e-01  1.80390270e-05  0.00000000e+00  1.80390270e-05  1.79949448e+00  1.80390270e-05  5.95508932e-01  1.80390270e-05  6.96829214e-01  1.80390270e-05  8.66817864e-01                                 
 1.80544040e-05  6.69943312e-01  1.80544040e-05  5.96829090e-01  1.80544040e-05  7.36678496e-01  1.80544040e-05  0.00000000e+00  1.80544040e-05  1.80052405e+00  1.80544040e-05  5.95749562e-01  1.80544040e-05  7.36566951e-01  1.80544040e-05  7.79244051e-01                                 
 1.80717578e-05  6.69941751e-01  1.80717578e-05  5.96803271e-01  1.80717578e-05  7.77774001e-01  1.80717578e-05  0.00000000e+00  1.80717578e-05  1.79949845e+00  1.80717578e-05  5.95404081e-01  1.80717578e-05  7.76979641e-01  1.80717578e-05  7.62786832e-01                                 
 1.80868706e-05  6.69943310e-01  1.80868706e-05  5.96830358e-01  1.80868706e-05  8.10644818e-01  1.80868706e-05  0.00000000e+00  1.80868706e-05  1.80051652e+00  1.80868706e-05  5.95713667e-01  1.80868706e-05  8.10614417e-01  1.80868706e-05  7.86384682e-01                                 
 1.81034143e-05  6.69941754e-01  1.81034143e-05  5.96803460e-01  1.81034143e-05  8.44142734e-01  1.81034143e-05  0.00000000e+00  1.81034143e-05  1.79950261e+00  1.81034143e-05  5.95392331e-01  1.81034143e-05  8.43177905e-01  1.81034143e-05  8.19361381e-01                                 
 1.81214145e-05  6.69943307e-01  1.81214145e-05  5.96830631e-01  1.81214145e-05  8.77308927e-01  1.81214145e-05  0.00000000e+00  1.81214145e-05  1.80050963e+00  1.81214145e-05  5.95712858e-01  1.81214145e-05  8.77328983e-01  1.81214145e-05  8.53355381e-01                                 
 1.81490169e-05  6.69941755e-01  1.81490169e-05  5.96803326e-01  1.81490169e-05  9.22846935e-01  1.81490169e-05  0.00000000e+00  1.81490169e-05  1.79950465e+00  1.81490169e-05  5.95390006e-01  1.81490169e-05  9.21564342e-01  1.81490169e-05  9.01122701e-01                                 
 1.82042216e-05  6.69943306e-01  1.82042216e-05  5.96830772e-01  1.82042216e-05  9.96034798e-01  1.82042216e-05  0.00000000e+00  1.82042216e-05  1.80050424e+00  1.82042216e-05  5.95717191e-01  1.82042216e-05  9.96345197e-01  1.82042216e-05  9.79006085e-01                                 
 1.83146311e-05  6.69941756e-01  1.83146311e-05  5.96803241e-01  1.83146311e-05  1.09117473e+00  1.83146311e-05  0.00000000e+00  1.83146311e-05  1.79950163e+00  1.83146311e-05  5.95393139e-01  1.83146311e-05  1.08995571e+00  1.83146311e-05  1.08459336e+00                                 
 1.84905258e-05  6.69943306e-01  1.84905258e-05  5.96830814e-01  1.84905258e-05  1.15962207e+00  1.84905258e-05  0.00000000e+00  1.84905258e-05  1.80050012e+00  1.84905258e-05  5.95723305e-01  1.84905258e-05  1.16029869e+00  1.84905258e-05  1.16325391e+00                                 
 1.86907114e-05  6.69941756e-01  1.86907114e-05  5.96803195e-01  1.86907114e-05  1.18329676e+00  1.86907114e-05  0.00000000e+00  1.86907114e-05  1.79950038e+00  1.86907114e-05  5.95395842e-01  1.86907114e-05  1.18256131e+00  1.86907114e-05  1.19086587e+00                                 
 1.89539447e-05  6.69943306e-01  1.89539447e-05  5.96830845e-01  1.89539447e-05  1.19006674e+00  1.89539447e-05  0.00000000e+00  1.89539447e-05  1.80049925e+00  1.89539447e-05  5.95724981e-01  1.89539447e-05  1.19076342e+00  1.89539447e-05  1.19838092e+00                                 
 1.92904093e-05  6.69941756e-01  1.92904093e-05  5.96803167e-01  1.92904093e-05  1.19110738e+00  1.92904093e-05  0.00000000e+00  1.92904093e-05  1.79950053e+00  1.92904093e-05  5.95395766e-01  1.92904093e-05  1.19041090e+00  1.92904093e-05  1.19988264e+00                                 
 1.98756974e-05  6.69943306e-01  1.98756974e-05  5.96830864e-01  1.98756974e-05  1.19096124e+00  1.98756974e-05  0.00000000e+00  1.98756974e-05  1.80049905e+00  1.98756974e-05  5.95725268e-01  1.98756974e-05  1.19165475e+00  1.98756974e-05  1.19943175e+00                                 
 2.10462734e-05  6.69941756e-01  2.10462734e-05  5.96803156e-01  2.10462734e-05  1.19110196e+00  2.10462734e-05  0.00000000e+00  2.10462734e-05  1.79950064e+00  2.10462734e-05  5.95395630e-01  2.10462734e-05  1.19040758e+00  2.10462734e-05  1.19986497e+00                                 
 2.22462734e-05  6.69943306e-01  2.22462734e-05  5.96830871e-01  2.22462734e-05  1.19096276e+00  2.22462734e-05  0.00000000e+00  2.22462734e-05  1.80049898e+00  2.22462734e-05  5.95725356e-01  2.22462734e-05  1.19165488e+00  2.22462734e-05  1.19944059e+00                                 
 2.34462734e-05  6.69941757e-01  2.34462734e-05  5.96803150e-01  2.34462734e-05  1.19110159e+00  2.34462734e-05  0.00000000e+00  2.34462734e-05  1.79950071e+00  2.34462734e-05  5.95395545e-01  2.34462734e-05  1.19040857e+00  2.34462734e-05  1.19986146e+00                                 
 2.40000000e-05  6.69943306e-01  2.40000000e-05  5.96830882e-01  2.40000000e-05  1.19096329e+00  2.40000000e-05  0.00000000e+00  2.40000000e-05  1.80049887e+00  2.40000000e-05  5.95725490e-01  2.40000000e-05  1.19165325e+00  2.40000000e-05  1.19944893e+00                                 
 2.40001000e-05  6.69967759e-01  2.40001000e-05  5.96986758e-01  2.40001000e-05  1.19232657e+00  2.40001000e-05  1.80000000e-01  2.40001000e-05  1.80026732e+00  2.40001000e-05  5.97016976e-01  2.40001000e-05  1.19266799e+00  2.40001000e-05  1.19950013e+00                                 
 2.40003000e-05  6.69949710e-01  2.40003000e-05  5.97005283e-01  2.40003000e-05  1.19206277e+00  2.40003000e-05  5.40000000e-01  2.40003000e-05  1.79988146e+00  2.40003000e-05  5.97320486e-01  2.40003000e-05  1.19269395e+00  2.40003000e-05  1.19953996e+00                                 
 2.40006237e-05  6.69883992e-01  2.40006237e-05  5.96394691e-01  2.40006237e-05  1.18929486e+00  2.40006237e-05  1.12274434e+00  2.40006237e-05  1.80154753e+00  2.40006237e-05  5.92212461e-01  2.40006237e-05  1.18992941e+00  2.40006237e-05  1.19956922e+00                                 
 2.40009537e-05  6.70296961e-01  2.40009537e-05  5.96967329e-01  2.40009537e-05  1.17640318e+00  2.40009537e-05  1.71670645e+00  2.40009537e-05  1.46629560e-01  2.40009537e-05  5.96032219e-01  2.40009537e-05  1.19153769e+00  2.40009537e-05  1.19962208e+00                                 
 2.40010000e-05  6.70609356e-01  2.40010000e-05  5.97249691e-01  2.40010000e-05  1.17135368e+00  2.40010000e-05  1.80000000e+00  2.40010000e-05 -1.95358755e-02  2.40010000e-05  5.98880076e-01  2.40010000e-05  1.19262498e+00  2.40010000e-05  1.19963140e+00                                 
 2.40010163e-05  6.70667506e-01  2.40010163e-05  5.97176046e-01  2.40010163e-05  1.16937415e+00  2.40010163e-05  1.80000000e+00  2.40010163e-05 -7.52625686e-03  2.40010163e-05  5.98345308e-01  2.40010163e-05  1.19244091e+00  2.40010163e-05  1.19961841e+00                                 
 2.40010490e-05  6.70746131e-01  2.40010490e-05  5.97028719e-01  2.40010490e-05  1.16647236e+00  2.40010490e-05  1.80000000e+00  2.40010490e-05  2.03498775e-03  2.40010490e-05  5.97050619e-01  2.40010490e-05  1.19160013e+00  2.40010490e-05  1.19959451e+00                                 
 2.40011143e-05  6.70829074e-01  2.40011143e-05  5.96877995e-01  2.40011143e-05  1.16468845e+00  2.40011143e-05  1.80000000e+00  2.40011143e-05 -5.00409268e-04  2.40011143e-05  5.95742769e-01  2.40011143e-05  1.19049762e+00  2.40011143e-05  1.19960069e+00                                 
 2.40012450e-05  6.70865021e-01  2.40012450e-05  5.96852929e-01  2.40012450e-05  1.16445440e+00  2.40012450e-05  1.80000000e+00  2.40012450e-05  6.05576725e-04  2.40012450e-05  5.95798362e-01  2.40012450e-05  1.19055518e+00  2.40012450e-05  1.19961874e+00                                 
 2.40014717e-05  6.70710013e-01  2.40014717e-05  5.96826179e-01  2.40014717e-05  1.16480529e+00  2.40014717e-05  1.80000000e+00  2.40014717e-05 -4.77202650e-04  2.40014717e-05  5.95652178e-01  2.40014717e-05  1.19041348e+00  2.40014717e-05  1.19961938e+00                                 
 2.40017458e-05  6.70469455e-01  2.40017458e-05  5.96821562e-01  2.40017458e-05  1.16555729e+00  2.40017458e-05  1.80000000e+00  2.40017458e-05  3.47496126e-04  2.40017458e-05  5.95702125e-01  2.40017458e-05  1.19046788e+00  2.40017458e-05  1.19963174e+00                                 
 2.40021847e-05  6.70160177e-01  2.40021847e-05  5.96816016e-01  2.40021847e-05  1.16534416e+00  2.40021847e-05  1.80000000e+00  2.40021847e-05 -3.74451361e-04  2.40021847e-05  5.95628229e-01  2.40021847e-05  1.19039429e+00  2.40021847e-05  1.19962496e+00                                 
 2.40029335e-05  6.69892896e-01  2.40029335e-05  5.96816663e-01  2.40029335e-05  1.16303101e+00  2.40029335e-05  1.80000000e+00  2.40029335e-05  3.07517836e-04  2.40029335e-05  5.95664602e-01  2.40029335e-05  1.19043596e+00  2.40029335e-05  1.19962176e+00                                 
 2.40044311e-05  6.69747195e-01  2.40044311e-05  5.96812055e-01  2.40044311e-05  1.15426287e+00  2.40044311e-05  1.80000000e+00  2.40044311e-05 -3.25172084e-04  2.40044311e-05  5.95574344e-01  2.40044311e-05  1.19035003e+00  2.40044311e-05  1.19958146e+00                                 
 2.40071308e-05  6.69806166e-01  2.40071308e-05  5.96814690e-01  2.40071308e-05  1.13421558e+00  2.40071308e-05  1.80000000e+00  2.40071308e-05  3.11597605e-04  2.40071308e-05  5.95594421e-01  2.40071308e-05  1.19037547e+00  2.40071308e-05  1.19951742e+00                                 
 2.40113021e-05  6.69893635e-01  2.40113021e-05  5.96814394e-01  2.40113021e-05  1.09844608e+00  2.40113021e-05  1.80000000e+00  2.40113021e-05 -3.07298772e-04  2.40113021e-05  5.95522313e-01  2.40113021e-05  1.19030102e+00  2.40113021e-05  1.19941055e+00                                 
 2.40159023e-05  6.69941893e-01  2.40159023e-05  5.96817856e-01  2.40159023e-05  1.05566563e+00  2.40159023e-05  1.80000000e+00  2.40159023e-05  3.09907833e-04  2.40159023e-05  5.95572808e-01  2.40159023e-05  1.19034979e+00  2.40159023e-05  1.19932333e+00                                 
 2.40208655e-05  6.69948049e-01  2.40208655e-05  5.96816065e-01  2.40208655e-05  1.00818520e+00  2.40208655e-05  1.80000000e+00  2.40208655e-05 -2.99731007e-04  2.40208655e-05  5.95522422e-01  2.40208655e-05  1.19029471e+00  2.40208655e-05  1.19923545e+00                                 
 2.40271505e-05  6.69953911e-01  2.40271505e-05  5.96817947e-01  2.40271505e-05  9.48030140e-01  2.40271505e-05  1.80000000e+00  2.40271505e-05  3.06280875e-04  2.40271505e-05  5.95572704e-01  2.40271505e-05  1.19034402e+00  2.40271505e-05  1.19916164e+00                                 
 2.40363391e-05  6.69947060e-01  2.40363391e-05  5.96815758e-01  2.40363391e-05  8.60714402e-01  2.40363391e-05  1.80000000e+00  2.40363391e-05 -2.94878559e-04  2.40363391e-05  5.95515878e-01  2.40363391e-05  1.19028388e+00  2.40363391e-05  1.19907182e+00                                 
 2.40489667e-05  6.69950858e-01  2.40489667e-05  5.96818442e-01  2.40489667e-05  7.45888108e-01  2.40489667e-05  1.80000000e+00  2.40489667e-05  3.06858002e-04  2.40489667e-05  5.95573979e-01  2.40489667e-05  1.19034028e+00  2.40489667e-05  1.19900764e+00                                 
 2.40621352e-05  6.69942390e-01  2.40621352e-05  5.96816374e-01  2.40621352e-05  6.54361858e-01  2.40621352e-05  1.80000000e+00  2.40621352e-05 -2.86488304e-04  2.40621352e-05  5.95536912e-01  2.40621352e-05  1.19029853e+00  2.40621352e-05  1.19896555e+00                                 
 2.40797190e-05  6.69945960e-01  2.40797190e-05  5.96818064e-01  2.40797190e-05  6.07395633e-01  2.40797190e-05  1.80000000e+00  2.40797190e-05  3.13754728e-04  2.40797190e-05  5.95595138e-01  2.40797190e-05  1.19035656e+00  2.40797190e-05  1.19895373e+00                                 
 2.40964425e-05  6.69935218e-01  2.40964425e-05  5.96815747e-01  2.40964425e-05  5.98904919e-01  2.40964425e-05  1.80000000e+00  2.40964425e-05 -2.81877774e-04  2.40964425e-05  5.95537314e-01  2.40964425e-05  1.19029779e+00  2.40964425e-05  1.19894076e+00                                 
 2.41127028e-05  6.69947486e-01  2.41127028e-05  5.96818152e-01  2.41127028e-05  5.95219823e-01  2.41127028e-05  1.80000000e+00  2.41127028e-05  3.12784529e-04  2.41127028e-05  5.95587676e-01  2.41127028e-05  1.19034923e+00  2.41127028e-05  1.19894188e+00                                 
 2.41290426e-05  6.69937981e-01  2.41290426e-05  5.96815874e-01  2.41290426e-05  5.94981385e-01  2.41290426e-05  1.80000000e+00  2.41290426e-05 -2.80008012e-04  2.41290426e-05  5.95535432e-01  2.41290426e-05  1.19029525e+00  2.41290426e-05  1.19893277e+00                                 
 2.41617221e-05  6.69946475e-01  2.41617221e-05  5.96818125e-01  2.41617221e-05  5.94057622e-01  2.41617221e-05  1.80000000e+00  2.41617221e-05  3.11599644e-04  2.41617221e-05  5.95586043e-01  2.41617221e-05  1.19034652e+00  2.41617221e-05  1.19893566e+00                                 
 2.42040313e-05  6.69938917e-01  2.42040313e-05  5.96815914e-01  2.42040313e-05  5.94508345e-01  2.42040313e-05  1.80000000e+00  2.42040313e-05 -2.79249807e-04  2.42040313e-05  5.95535002e-01  2.42040313e-05  1.19029302e+00  2.42040313e-05  1.19892791e+00                                 
 2.42886498e-05  6.69945991e-01  2.42886498e-05  5.96818110e-01  2.42886498e-05  5.94096586e-01  2.42886498e-05  1.80000000e+00  2.42886498e-05  3.11119614e-04  2.42886498e-05  5.95585978e-01  2.42886498e-05  1.19034338e+00  2.42886498e-05  1.19893196e+00                                 
 2.44522652e-05  6.69939148e-01  2.44522652e-05  5.96815921e-01  2.44522652e-05  5.94491192e-01  2.44522652e-05  1.80000000e+00  2.44522652e-05 -2.79007909e-04  2.44522652e-05  5.95535022e-01  2.44522652e-05  1.19028705e+00  2.44522652e-05  1.19892191e+00                                 
 2.47373785e-05  6.69945871e-01  2.47373785e-05  5.96818107e-01  2.47373785e-05  5.94105529e-01  2.47373785e-05  1.80000000e+00  2.47373785e-05  3.10989999e-04  2.47373785e-05  5.95585970e-01  2.47373785e-05  1.19033253e+00  2.47373785e-05  1.19892113e+00                                 
 2.53076052e-05  6.69939212e-01  2.53076052e-05  5.96815923e-01  2.53076052e-05  5.94487146e-01  2.53076052e-05  1.80000000e+00  2.53076052e-05 -2.78937098e-04  2.53076052e-05  5.95535027e-01  2.53076052e-05  1.19026639e+00  2.53076052e-05  1.19890124e+00                                 
 2.64480585e-05  6.69945839e-01  2.64480585e-05  5.96818106e-01  2.64480585e-05  5.94106748e-01  2.64480585e-05  1.80000000e+00  2.64480585e-05  3.10954596e-04  2.64480585e-05  5.95585968e-01  2.64480585e-05  1.19029116e+00  2.64480585e-05  1.19887974e+00                                 
 2.76480585e-05  6.69939233e-01  2.76480585e-05  5.96815923e-01  2.76480585e-05  5.94486566e-01  2.76480585e-05  1.80000000e+00  2.76480585e-05 -2.78914091e-04  2.76480585e-05  5.95535028e-01  2.76480585e-05  1.19020977e+00  2.76480585e-05  1.19884460e+00                                 
 2.88480585e-05  6.69945820e-01  2.88480585e-05  5.96818106e-01  2.88480585e-05  5.94109906e-01  2.88480585e-05  1.80000000e+00  2.88480585e-05  3.10932173e-04  2.88480585e-05  5.95585967e-01  2.88480585e-05  1.19023312e+00  2.88480585e-05  1.19882168e+00                                 
 3.00010000e-05  6.69939253e-01  3.00010000e-05  5.96815924e-01  3.00010000e-05  5.94485215e-01  3.00010000e-05  1.80000000e+00  3.00010000e-05 -2.78891225e-04  3.00010000e-05  5.95535029e-01  3.00010000e-05  1.19015285e+00  3.00010000e-05  1.19878765e+00                                 
 3.00011000e-05  6.69889625e-01  3.00011000e-05  5.96580354e-01  3.00011000e-05  5.92806982e-01  3.00011000e-05  1.62000000e+00  3.00011000e-05 -1.18618229e-04  3.00011000e-05  5.94064541e-01  3.00011000e-05  1.18891080e+00  3.00011000e-05  1.19878091e+00                                 
 3.00013000e-05  6.69924383e-01  3.00013000e-05  5.96571314e-01  3.00013000e-05  5.92653378e-01  3.00013000e-05  1.26000000e+00  3.00013000e-05  3.06690506e-05  3.00013000e-05  5.93692059e-01  3.00013000e-05  1.18860036e+00  3.00013000e-05  1.19879498e+00                                 
 3.00016448e-05  6.69995413e-01  3.00016448e-05  5.96767642e-01  3.00016448e-05  5.94613778e-01  3.00016448e-05  6.39332590e-01  3.00016448e-05  2.29801961e-02  3.00016448e-05  5.93829946e-01  3.00016448e-05  1.18522066e+00  3.00016448e-05  1.19877091e+00                                 
 3.00020000e-05  6.69922427e-01  3.00020000e-05  5.96083584e-01  3.00020000e-05  6.19544815e-01  3.00020000e-05  3.67661457e-12  3.00020000e-05  1.61700901e+00  3.00020000e-05  5.87157354e-01  3.00020000e-05  1.02614253e+00  3.00020000e-05  1.19827141e+00                                 
 3.00020464e-05  6.69939810e-01  3.00020464e-05  5.95405845e-01  3.00020464e-05  6.28120465e-01  3.00020464e-05  0.00000000e+00  3.00020464e-05  1.73398395e+00  3.00020464e-05  5.79447033e-01  3.00020464e-05  9.60926397e-01  3.00020464e-05  1.19811214e+00                                 
 3.00021393e-05  6.69944169e-01  3.00021393e-05  5.94492779e-01  3.00021393e-05  6.33062198e-01  3.00021393e-05  0.00000000e+00  3.00021393e-05  1.81454217e+00  3.00021393e-05  5.69050633e-01  3.00021393e-05  8.33954225e-01  3.00021393e-05  1.19838189e+00                                 
 3.00023031e-05  6.69939910e-01  3.00023031e-05  5.94871574e-01  3.00023031e-05  6.17982006e-01  3.00023031e-05  0.00000000e+00  3.00023031e-05  1.78867756e+00  3.00023031e-05  5.73540899e-01  3.00023031e-05  6.87759062e-01  3.00023031e-05  1.19912918e+00                                 
 3.00024730e-05  6.69942507e-01  3.00024730e-05  5.95832756e-01  3.00024730e-05  6.05908228e-01  3.00024730e-05  0.00000000e+00  3.00024730e-05  1.80541392e+00  3.00024730e-05  5.84023173e-01  3.00024730e-05  6.30450384e-01  3.00024730e-05  1.19914706e+00                                 
 3.00026140e-05  6.69939943e-01  3.00026140e-05  5.96311620e-01  3.00026140e-05  6.00448657e-01  3.00026140e-05  0.00000000e+00  3.00026140e-05  1.79731286e+00  3.00026140e-05  5.88516564e-01  3.00026140e-05  6.10849473e-01  3.00026140e-05  1.19892747e+00                                 
 3.00027989e-05  6.69942389e-01  3.00027989e-05  5.96794644e-01  3.00027989e-05  5.97015765e-01  3.00027989e-05  0.00000000e+00  3.00027989e-05  1.80167691e+00  3.00027989e-05  5.93132557e-01  3.00027989e-05  6.01422748e-01  3.00027989e-05  1.19802486e+00                                 
 3.00030246e-05  6.69940608e-01  3.00030246e-05  5.96991763e-01  3.00030246e-05  5.95722129e-01  3.00030246e-05  0.00000000e+00  3.00030246e-05  1.79897729e+00  3.00030246e-05  5.94661630e-01  3.00030246e-05  5.96650391e-01  3.00030246e-05  1.19670737e+00                                 
 3.00033676e-05  6.69942754e-01  3.00033676e-05  5.97144860e-01  3.00033676e-05  5.95598551e-01  3.00033676e-05  0.00000000e+00  3.00033676e-05  1.80082221e+00  3.00033676e-05  5.96176786e-01  3.00033676e-05  5.95888546e-01  3.00033676e-05  1.19422199e+00                                 
 3.00038492e-05  6.69941290e-01  3.00038492e-05  5.97119320e-01  3.00038492e-05  5.96804566e-01  3.00038492e-05  0.00000000e+00  3.00038492e-05  1.79935235e+00  3.00038492e-05  5.96104680e-01  3.00038492e-05  5.96337447e-01  3.00038492e-05  1.19050343e+00                                 
 3.00046572e-05  6.69943158e-01  3.00046572e-05  5.97109324e-01  3.00046572e-05  5.99041649e-01  3.00046572e-05  0.00000000e+00  3.00046572e-05  1.80060253e+00  3.00046572e-05  5.96577368e-01  3.00046572e-05  5.99000106e-01  3.00046572e-05  1.18374581e+00                                 
 3.00061050e-05  6.69941667e-01  3.00061050e-05  5.97007890e-01  3.00061050e-05  6.03572927e-01  3.00061050e-05  0.00000000e+00  3.00061050e-05  1.79946152e+00  3.00061050e-05  5.96272978e-01  3.00061050e-05  6.03054497e-01  3.00061050e-05  1.17101296e+00                                 
 3.00090007e-05  6.69943306e-01  3.00090007e-05  5.96913721e-01  3.00090007e-05  6.12338545e-01  3.00090007e-05  0.00000000e+00  3.00090007e-05  1.80054693e+00  3.00090007e-05  5.96499788e-01  3.00090007e-05  6.12253827e-01  3.00090007e-05  1.14436363e+00                                 
 3.00144344e-05  6.69941738e-01  3.00144344e-05  5.96795468e-01  3.00144344e-05  6.28711820e-01  3.00144344e-05  0.00000000e+00  3.00144344e-05  1.79948755e+00  3.00144344e-05  5.95977166e-01  3.00144344e-05  6.28139578e-01  3.00144344e-05  1.09348274e+00                                 
 3.00239444e-05  6.69943309e-01  3.00239444e-05  5.96819843e-01  3.00239444e-05  6.56141775e-01  3.00239444e-05  0.00000000e+00  3.00239444e-05  1.80053188e+00  3.00239444e-05  5.96031667e-01  3.00239444e-05  6.56007409e-01  3.00239444e-05  1.00346518e+00                                 
 3.00390197e-05  6.69941747e-01  3.00390197e-05  5.96800408e-01  3.00390197e-05  6.97522666e-01  3.00390197e-05  0.00000000e+00  3.00390197e-05  1.79949460e+00  3.00390197e-05  5.95509018e-01  3.00390197e-05  6.96809614e-01  3.00390197e-05  8.67103076e-01                                 
 3.00543966e-05  6.69943312e-01  3.00543966e-05  5.96829088e-01  3.00543966e-05  7.36659740e-01  3.00543966e-05  0.00000000e+00  3.00543966e-05  1.80052393e+00  3.00543966e-05  5.95749614e-01  3.00543966e-05  7.36548240e-01  3.00543966e-05  7.79404029e-01                                 
 3.00717628e-05  6.69941751e-01  3.00717628e-05  5.96803271e-01  3.00717628e-05  7.77785346e-01  3.00717628e-05  0.00000000e+00  3.00717628e-05  1.79949856e+00  3.00717628e-05  5.95404065e-01  3.00717628e-05  7.76990760e-01  3.00717628e-05  7.62818157e-01                                 
 3.00869077e-05  6.69943310e-01  3.00869077e-05  5.96830359e-01  3.00869077e-05  8.10722542e-01  3.00869077e-05  0.00000000e+00  3.00869077e-05  1.80051642e+00  3.00869077e-05  5.95713669e-01  3.00869077e-05  8.10692437e-01  3.00869077e-05  7.86456916e-01                                 
 3.01034426e-05  6.69941754e-01  3.01034426e-05  5.96803460e-01  3.01034426e-05  8.44197500e-01  3.01034426e-05  0.00000000e+00  3.01034426e-05  1.79950271e+00  3.01034426e-05  5.95392314e-01  3.01034426e-05  8.43232237e-01  3.01034426e-05  8.19418029e-01                                 
 3.01214368e-05  6.69943307e-01  3.01214368e-05  5.96830632e-01  3.01214368e-05  8.77348163e-01  3.01214368e-05  0.00000000e+00  3.01214368e-05  1.80050952e+00  3.01214368e-05  5.95712875e-01  3.01214368e-05  8.77368521e-01  3.01214368e-05  8.53396050e-01                                 
 3.01490114e-05  6.69941756e-01  3.01490114e-05  5.96803325e-01  3.01490114e-05  9.22838735e-01  3.01490114e-05  0.00000000e+00  3.01490114e-05  1.79950476e+00  3.01490114e-05  5.95389987e-01  3.01490114e-05  9.21555910e-01  3.01490114e-05  9.01114237e-01                                 
 3.02041607e-05  6.69943306e-01  3.02041607e-05  5.96830774e-01  3.02041607e-05  9.95964882e-01  3.02041607e-05  0.00000000e+00  3.02041607e-05  1.80050413e+00  3.02041607e-05  5.95717209e-01  3.02041607e-05  9.96275364e-01  3.02041607e-05  9.78930176e-01                                 
 3.03144593e-05  6.69941756e-01  3.03144593e-05  5.96803239e-01  3.03144593e-05  1.09106623e+00  3.03144593e-05  0.00000000e+00  3.03144593e-05  1.79950174e+00  3.03144593e-05  5.95393115e-01  3.03144593e-05  1.08984629e+00  3.03144593e-05  1.08446990e+00                                 
 3.04903032e-05  6.69943306e-01  3.04903032e-05  5.96830816e-01  3.04903032e-05  1.15957469e+00  3.04903032e-05  0.00000000e+00  3.04903032e-05  1.80050001e+00  3.04903032e-05  5.95723324e-01  3.04903032e-05  1.16025154e+00  3.04903032e-05  1.16319850e+00                                 
 3.06904413e-05  6.69941756e-01  3.06904413e-05  5.96803193e-01  3.06904413e-05  1.18328226e+00  3.06904413e-05  0.00000000e+00  3.06904413e-05  1.79950049e+00  3.06904413e-05  5.95395821e-01  3.06904413e-05  1.18254649e+00  3.06904413e-05  1.19084948e+00                                 
 3.09536348e-05  6.69943306e-01  3.09536348e-05  5.96830847e-01  3.09536348e-05  1.19006523e+00  3.09536348e-05  0.00000000e+00  3.09536348e-05  1.80049915e+00  3.09536348e-05  5.95725002e-01  3.09536348e-05  1.19076216e+00  3.09536348e-05  1.19837857e+00                                 
 3.12899238e-05  6.69941756e-01  3.12899238e-05  5.96803165e-01  3.12899238e-05  1.19110827e+00  3.12899238e-05  0.00000000e+00  3.12899238e-05  1.79950064e+00  3.12899238e-05  5.95395744e-01  3.12899238e-05  1.19041154e+00  3.12899238e-05  1.19988388e+00                                 
 3.18747851e-05  6.69943306e-01  3.18747851e-05  5.96830866e-01  3.18747851e-05  1.19096216e+00  3.18747851e-05  0.00000000e+00  3.18747851e-05  1.80049894e+00  3.18747851e-05  5.95725290e-01  3.18747851e-05  1.19165591e+00  3.18747851e-05  1.19943232e+00                                 
 3.30445079e-05  6.69941757e-01  3.30445079e-05  5.96803155e-01  3.30445079e-05  1.19110300e+00  3.30445079e-05  0.00000000e+00  3.30445079e-05  1.79950075e+00  3.30445079e-05  5.95395609e-01  3.30445079e-05  1.19040837e+00  3.30445079e-05  1.19986631e+00                                 
 3.42445079e-05  6.69943306e-01  3.42445079e-05  5.96830873e-01  3.42445079e-05  1.19096365e+00  3.42445079e-05  0.00000000e+00  3.42445079e-05  1.80049887e+00  3.42445079e-05  5.95725378e-01  3.42445079e-05  1.19165601e+00  3.42445079e-05  1.19944117e+00                                 
 3.54445079e-05  6.69941757e-01  3.54445079e-05  5.96803148e-01  3.54445079e-05  1.19110271e+00  3.54445079e-05  0.00000000e+00  3.54445079e-05  1.79950081e+00  3.54445079e-05  5.95395523e-01  3.54445079e-05  1.19040945e+00  3.54445079e-05  1.19986287e+00                                 
 3.60000000e-05  6.69943306e-01  3.60000000e-05  5.96830884e-01  3.60000000e-05  1.19096419e+00  3.60000000e-05  0.00000000e+00  3.60000000e-05  1.80049876e+00  3.60000000e-05  5.95725511e-01  3.60000000e-05  1.19165439e+00  3.60000000e-05  1.19944954e+00                                 
 3.60001000e-05  6.69967758e-01  3.60001000e-05  5.96986758e-01  3.60001000e-05  1.19232757e+00  3.60001000e-05  1.80000000e-01  3.60001000e-05  1.80026731e+00  3.60001000e-05  5.97016977e-01  3.60001000e-05  1.19266909e+00  3.60001000e-05  1.19950075e+00                                 
 3.60003000e-05  6.69949710e-01  3.60003000e-05  5.97005282e-01  3.60003000e-05  1.19206379e+00  3.60003000e-05  5.40000000e-01  3.60003000e-05  1.79988147e+00  3.60003000e-05  5.97320480e-01  3.60003000e-05  1.19269499e+00  3.60003000e-05  1.19954064e+00                                 
 3.60006237e-05  6.69883992e-01  3.60006237e-05  5.96394691e-01  3.60006237e-05  1.18929587e+00  3.60006237e-05  1.12274444e+00  3.60006237e-05  1.80154753e+00  3.60006237e-05  5.92212464e-01  3.60006237e-05  1.18993045e+00  3.60006237e-05  1.19956996e+00                                 
 3.60009537e-05  6.70296962e-01  3.60009537e-05  5.96967328e-01  3.60009537e-05  1.17640417e+00  3.60009537e-05  1.71670640e+00  3.60009537e-05  1.46629581e-01  3.60009537e-05  5.96032211e-01  3.60009537e-05  1.19153870e+00  3.60009537e-05  1.19962284e+00                                 
 3.60010000e-05  6.70609357e-01  3.60010000e-05  5.97249691e-01  3.60010000e-05  1.17135465e+00  3.60010000e-05  1.80000000e+00  3.60010000e-05 -1.95359193e-02  3.60010000e-05  5.98880073e-01  3.60010000e-05  1.19262600e+00  3.60010000e-05  1.19963218e+00                                 
 3.60010163e-05  6.70667507e-01  3.60010163e-05  5.97176045e-01  3.60010163e-05  1.16937512e+00  3.60010163e-05  1.80000000e+00  3.60010163e-05 -7.52627582e-03  3.60010163e-05  5.98345305e-01  3.60010163e-05  1.19244193e+00  3.60010163e-05  1.19961918e+00                                 
 3.60010490e-05  6.70746133e-01  3.60010490e-05  5.97028719e-01  3.60010490e-05  1.16647333e+00  3.60010490e-05  1.80000000e+00  3.60010490e-05  2.03499032e-03  3.60010490e-05  5.97050616e-01  3.60010490e-05  1.19160115e+00  3.60010490e-05  1.19959529e+00                                 
 3.60011143e-05  6.70829075e-01  3.60011143e-05  5.96877995e-01  3.60011143e-05  1.16468942e+00  3.60011143e-05  1.80000000e+00  3.60011143e-05 -5.00410017e-04  3.60011143e-05  5.95742767e-01  3.60011143e-05  1.19049864e+00  3.60011143e-05  1.19960147e+00                                 
 3.60012450e-05  6.70865022e-01  3.60012450e-05  5.96852929e-01  3.60012450e-05  1.16445538e+00  3.60012450e-05  1.80000000e+00  3.60012450e-05  6.05577763e-04  3.60012450e-05  5.95798361e-01  3.60012450e-05  1.19055621e+00  3.60012450e-05  1.19961953e+00                                 
 3.60014717e-05  6.70710014e-01  3.60014717e-05  5.96826179e-01  3.60014717e-05  1.16480626e+00  3.60014717e-05  1.80000000e+00  3.60014717e-05 -4.77203514e-04  3.60014717e-05  5.95652177e-01  3.60014717e-05  1.19041451e+00  3.60014717e-05  1.19962018e+00                                 
 3.60017458e-05  6.70469455e-01  3.60017458e-05  5.96821562e-01  3.60017458e-05  1.16555826e+00  3.60017458e-05  1.80000000e+00  3.60017458e-05  3.47496763e-04  3.60017458e-05  5.95702124e-01  3.60017458e-05  1.19046891e+00  3.60017458e-05  1.19963256e+00                                 
 3.60021847e-05  6.70160177e-01  3.60021847e-05  5.96816016e-01  3.60021847e-05  1.16534513e+00  3.60021847e-05  1.80000000e+00  3.60021847e-05 -3.74452089e-04  3.60021847e-05  5.95628228e-01  3.60021847e-05  1.19039533e+00  3.60021847e-05  1.19962580e+00                                 
 3.60029335e-05  6.69892896e-01  3.60029335e-05  5.96816663e-01  3.60029335e-05  1.16303198e+00  3.60029335e-05  1.80000000e+00  3.60029335e-05  3.07518444e-04  3.60029335e-05  5.95664602e-01  3.60029335e-05  1.19043701e+00  3.60029335e-05  1.19962261e+00                                 
 3.60044311e-05  6.69747195e-01  3.60044311e-05  5.96812055e-01  3.60044311e-05  1.15426384e+00  3.60044311e-05  1.80000000e+00  3.60044311e-05 -3.25172726e-04  3.60044311e-05  5.95574344e-01  3.60044311e-05  1.19035108e+00  3.60044311e-05  1.19958233e+00                                 
 3.60071308e-05  6.69806165e-01  3.60071308e-05  5.96814689e-01  3.60071308e-05  1.13421657e+00  3.60071308e-05  1.80000000e+00  3.60071308e-05  3.11598194e-04  3.60071308e-05  5.95594421e-01  3.60071308e-05  1.19037653e+00  3.60071308e-05  1.19951832e+00                                 
 3.60113021e-05  6.69893634e-01  3.60113021e-05  5.96814394e-01  3.60113021e-05  1.09844707e+00  3.60113021e-05  1.80000000e+00  3.60113021e-05 -3.07299385e-04  3.60113021e-05  5.95522313e-01  3.60113021e-05  1.19030207e+00  3.60113021e-05  1.19941148e+00                                 
 3.60159023e-05  6.69941893e-01  3.60159023e-05  5.96817856e-01  3.60159023e-05  1.05566673e+00  3.60159023e-05  1.80000000e+00  3.60159023e-05  3.09908419e-04  3.60159023e-05  5.95572808e-01  3.60159023e-05  1.19035085e+00  3.60159023e-05  1.19932428e+00                                 
 3.60208655e-05  6.69948049e-01  3.60208655e-05  5.96816065e-01  3.60208655e-05  1.00818633e+00  3.60208655e-05  1.80000000e+00  3.60208655e-05 -2.99731597e-04  3.60208655e-05  5.95522422e-01  3.60208655e-05  1.19029577e+00  3.60208655e-05  1.19923643e+00                                 
 3.60271504e-05  6.69953911e-01  3.60271504e-05  5.96817947e-01  3.60271504e-05  9.48031414e-01  3.60271504e-05  1.80000000e+00  3.60271504e-05  3.06281443e-04  3.60271504e-05  5.95572705e-01  3.60271504e-05  1.19034508e+00  3.60271504e-05  1.19916263e+00                                 
 3.60363390e-05  6.69947060e-01  3.60363390e-05  5.96815758e-01  3.60363390e-05  8.60715742e-01  3.60363390e-05  1.80000000e+00  3.60363390e-05 -2.94879150e-04  3.60363390e-05  5.95515878e-01  3.60363390e-05  1.19028494e+00  3.60363390e-05  1.19907283e+00                                 
 3.60489667e-05  6.69950857e-01  3.60489667e-05  5.96818442e-01  3.60489667e-05  7.45888853e-01  3.60489667e-05  1.80000000e+00  3.60489667e-05  3.06858561e-04  3.60489667e-05  5.95573979e-01  3.60489667e-05  1.19034134e+00  3.60489667e-05  1.19900867e+00                                 
 3.60621352e-05  6.69942390e-01  3.60621352e-05  5.96816374e-01  3.60621352e-05  6.54362425e-01  3.60621352e-05  1.80000000e+00  3.60621352e-05 -2.86488931e-04  3.60621352e-05  5.95536912e-01  3.60621352e-05  1.19029959e+00  3.60621352e-05  1.19896659e+00                                 
 3.60797190e-05  6.69945960e-01  3.60797190e-05  5.96818064e-01  3.60797190e-05  6.07395722e-01  3.60797190e-05  1.80000000e+00  3.60797190e-05  3.13755314e-04  3.60797190e-05  5.95595138e-01  3.60797190e-05  1.19035762e+00  3.60797190e-05  1.19895479e+00                                 
 3.60964425e-05  6.69935218e-01  3.60964425e-05  5.96815747e-01  3.60964425e-05  5.98904968e-01  3.60964425e-05  1.80000000e+00  3.60964425e-05 -2.81878362e-04  3.60964425e-05  5.95537314e-01  3.60964425e-05  1.19029885e+00  3.60964425e-05  1.19894182e+00                                 
 3.61127029e-05  6.69947486e-01  3.61127029e-05  5.96818152e-01  3.61127029e-05  5.95219824e-01  3.61127029e-05  1.80000000e+00  3.61127029e-05  3.12785114e-04  3.61127029e-05  5.95587676e-01  3.61127029e-05  1.19035029e+00  3.61127029e-05  1.19894294e+00                                 
 3.61290425e-05  6.69937981e-01  3.61290425e-05  5.96815874e-01  3.61290425e-05  5.94981397e-01  3.61290425e-05  1.80000000e+00  3.61290425e-05 -2.80008589e-04  3.61290425e-05  5.95535432e-01  3.61290425e-05  1.19029631e+00  3.61290425e-05  1.19893382e+00                                 
 3.61617219e-05  6.69946475e-01  3.61617219e-05  5.96818125e-01  3.61617219e-05  5.94057621e-01  3.61617219e-05  1.80000000e+00  3.61617219e-05  3.11600217e-04  3.61617219e-05  5.95586043e-01  3.61617219e-05  1.19034758e+00  3.61617219e-05  1.19893672e+00                                 
 3.62040311e-05  6.69938917e-01  3.62040311e-05  5.96815914e-01  3.62040311e-05  5.94508351e-01  3.62040311e-05  1.80000000e+00  3.62040311e-05 -2.79250379e-04  3.62040311e-05  5.95535002e-01  3.62040311e-05  1.19029407e+00  3.62040311e-05  1.19892897e+00                                 
 3.62886495e-05  6.69945991e-01  3.62886495e-05  5.96818110e-01  3.62886495e-05  5.94096584e-01  3.62886495e-05  1.80000000e+00  3.62886495e-05  3.11120185e-04  3.62886495e-05  5.95585979e-01  3.62886495e-05  1.19034443e+00  3.62886495e-05  1.19893301e+00                                 
 3.64522621e-05  6.69939147e-01  3.64522621e-05  5.96815921e-01  3.64522621e-05  5.94491197e-01  3.64522621e-05  1.80000000e+00  3.64522621e-05 -2.79008478e-04  3.64522621e-05  5.95535022e-01  3.64522621e-05  1.19028809e+00  3.64522621e-05  1.19892295e+00                                 
 3.67373683e-05  6.69945872e-01  3.67373683e-05  5.96818107e-01  3.67373683e-05  5.94105528e-01  3.67373683e-05  1.80000000e+00  3.67373683e-05  3.10990567e-04  3.67373683e-05  5.95585970e-01  3.67373683e-05  1.19033358e+00  3.67373683e-05  1.19892218e+00                                 
 3.73075807e-05  6.69939212e-01  3.73075807e-05  5.96815922e-01  3.73075807e-05  5.94487151e-01  3.73075807e-05  1.80000000e+00  3.73075807e-05 -2.78937665e-04  3.73075807e-05  5.95535026e-01  3.73075807e-05  1.19026743e+00  3.73075807e-05  1.19890228e+00                                 
 3.84480056e-05  6.69945839e-01  3.84480056e-05  5.96818106e-01  3.84480056e-05  5.94106745e-01  3.84480056e-05  1.80000000e+00  3.84480056e-05  3.10955163e-04  3.84480056e-05  5.95585968e-01  3.84480056e-05  1.19029225e+00  3.84480056e-05  1.19888083e+00                                 
 3.96480056e-05  6.69939233e-01  3.96480056e-05  5.96815923e-01  3.96480056e-05  5.94486572e-01  3.96480056e-05  1.80000000e+00  3.96480056e-05 -2.78914658e-04  3.96480056e-05  5.95535028e-01  3.96480056e-05  1.19021091e+00  3.96480056e-05  1.19884574e+00                                 
 4.08480056e-05  6.69945820e-01  4.08480056e-05  5.96818106e-01  4.08480056e-05  5.94109905e-01  4.08480056e-05  1.80000000e+00  4.08480056e-05  3.10932740e-04  4.08480056e-05  5.95585967e-01  4.08480056e-05  1.19023430e+00  4.08480056e-05  1.19882285e+00                                 
 4.20010000e-05  6.69939253e-01  4.20010000e-05  5.96815924e-01  4.20010000e-05  5.94485221e-01  4.20010000e-05  1.80000000e+00  4.20010000e-05 -2.78891792e-04  4.20010000e-05  5.95535029e-01  4.20010000e-05  1.19015409e+00  4.20010000e-05  1.19878889e+00                                 
 4.20011000e-05  6.69889625e-01  4.20011000e-05  5.96580354e-01  4.20011000e-05  5.92806989e-01  4.20011000e-05  1.62000000e+00  4.20011000e-05 -1.18618289e-04  4.20011000e-05  5.94064542e-01  4.20011000e-05  1.18891204e+00  4.20011000e-05  1.19878215e+00                                 
 4.20013000e-05  6.69924383e-01  4.20013000e-05  5.96571313e-01  4.20013000e-05  5.92653382e-01  4.20013000e-05  1.26000000e+00  4.20013000e-05  3.06690818e-05  4.20013000e-05  5.93692060e-01  4.20013000e-05  1.18860160e+00  4.20013000e-05  1.19879622e+00                                 
 4.20016448e-05  6.69995412e-01  4.20016448e-05  5.96767642e-01  4.20016448e-05  5.94613782e-01  4.20016448e-05  6.39332591e-01  4.20016448e-05  2.29801952e-02  4.20016448e-05  5.93829947e-01  4.20016448e-05  1.18522190e+00  4.20016448e-05  1.19877215e+00                                 
 4.20020000e-05  6.69922427e-01  4.20020000e-05  5.96083580e-01  4.20020000e-05  6.19544865e-01  4.20020000e-05  0.00000000e+00  4.20020000e-05  1.61700900e+00  4.20020000e-05  5.87157316e-01  4.20020000e-05  1.02614344e+00  4.20020000e-05  1.19827265e+00                                 
 4.20020464e-05  6.69939810e-01  4.20020464e-05  5.95405841e-01  4.20020464e-05  6.28120516e-01  4.20020464e-05  0.00000000e+00  4.20020464e-05  1.73398394e+00  4.20020464e-05  5.79446995e-01  4.20020464e-05  9.60927232e-01  4.20020464e-05  1.19811338e+00                                 
 4.20021393e-05  6.69944169e-01  4.20021393e-05  5.94492775e-01  4.20021393e-05  6.33062264e-01  4.20021393e-05  0.00000000e+00  4.20021393e-05  1.81454218e+00  4.20021393e-05  5.69050583e-01  4.20021393e-05  8.33954873e-01  4.20021393e-05  1.19838313e+00                                 
 4.20023031e-05  6.69939910e-01  4.20023031e-05  5.94871570e-01  4.20023031e-05  6.17982066e-01  4.20023031e-05  0.00000000e+00  4.20023031e-05  1.78867756e+00  4.20023031e-05  5.73540849e-01  4.20023031e-05  6.87759338e-01  4.20023031e-05  1.19913042e+00                                 
 4.20024730e-05  6.69942507e-01  4.20024730e-05  5.95832754e-01  4.20024730e-05  6.05908258e-01  4.20024730e-05  0.00000000e+00  4.20024730e-05  1.80541392e+00  4.20024730e-05  5.84023146e-01  4.20024730e-05  6.30450484e-01  4.20024730e-05  1.19914830e+00                                 
 4.20026140e-05  6.69939943e-01  4.20026140e-05  5.96311619e-01  4.20026140e-05  6.00448677e-01  4.20026140e-05  0.00000000e+00  4.20026140e-05  1.79731286e+00  4.20026140e-05  5.88516547e-01  4.20026140e-05  6.10849524e-01  4.20026140e-05  1.19892871e+00                                 
 4.20027989e-05  6.69942389e-01  4.20027989e-05  5.96794644e-01  4.20027989e-05  5.97015773e-01  4.20027989e-05  0.00000000e+00  4.20027989e-05  1.80167691e+00  4.20027989e-05  5.93132552e-01  4.20027989e-05  6.01422768e-01  4.20027989e-05  1.19802610e+00                                 
 4.20030246e-05  6.69940608e-01  4.20030246e-05  5.96991763e-01  4.20030246e-05  5.95722135e-01  4.20030246e-05  0.00000000e+00  4.20030246e-05  1.79897729e+00  4.20030246e-05  5.94661627e-01  4.20030246e-05  5.96650402e-01  4.20030246e-05  1.19670862e+00                                 
 4.20033676e-05  6.69942754e-01  4.20033676e-05  5.97144861e-01  4.20033676e-05  5.95598552e-01  4.20033676e-05  0.00000000e+00  4.20033676e-05  1.80082221e+00  4.20033676e-05  5.96176786e-01  4.20033676e-05  5.95888549e-01  4.20033676e-05  1.19422323e+00                                 
 4.20038492e-05  6.69941290e-01  4.20038492e-05  5.97119321e-01  4.20038492e-05  5.96804565e-01  4.20038492e-05  0.00000000e+00  4.20038492e-05  1.79935235e+00  4.20038492e-05  5.96104681e-01  4.20038492e-05  5.96337446e-01  4.20038492e-05  1.19050468e+00                                 
 4.20046572e-05  6.69943158e-01  4.20046572e-05  5.97109325e-01  4.20046572e-05  5.99041644e-01  4.20046572e-05  0.00000000e+00  4.20046572e-05  1.80060253e+00  4.20046572e-05  5.96577370e-01  4.20046572e-05  5.99000102e-01  4.20046572e-05  1.18374707e+00                                 
 4.20061050e-05  6.69941667e-01  4.20061050e-05  5.97007891e-01  4.20061050e-05  6.03572913e-01  4.20061050e-05  0.00000000e+00  4.20061050e-05  1.79946152e+00  4.20061050e-05  5.96272980e-01  4.20061050e-05  6.03054483e-01  4.20061050e-05  1.17101425e+00                                 
 4.20090007e-05  6.69943306e-01  4.20090007e-05  5.96913721e-01  4.20090007e-05  6.12338511e-01  4.20090007e-05  0.00000000e+00  4.20090007e-05  1.80054693e+00  4.20090007e-05  5.96499790e-01  4.20090007e-05  6.12253794e-01  4.20090007e-05  1.14436498e+00                                 
 4.20144344e-05  6.69941738e-01  4.20144344e-05  5.96795468e-01  4.20144344e-05  6.28711776e-01  4.20144344e-05  0.00000000e+00  4.20144344e-05  1.79948755e+00  4.20144344e-05  5.95977168e-01  4.20144344e-05  6.28139534e-01  4.20144344e-05  1.09348413e+00                                 
 4.20239444e-05  6.69943309e-01  4.20239444e-05  5.96819843e-01  4.20239444e-05  6.56141654e-01  4.20239444e-05  0.00000000e+00  4.20239444e-05  1.80053188e+00  4.20239444e-05  5.96031668e-01  4.20239444e-05  6.56007288e-01  4.20239444e-05  1.00346682e+00                                 
 4.20390197e-05  6.69941748e-01  4.20390197e-05  5.96800408e-01  4.20390197e-05  6.97522580e-01  4.20390197e-05  0.00000000e+00  4.20390197e-05  1.79949460e+00  4.20390197e-05  5.95509019e-01  4.20390197e-05  6.96809528e-01  4.20390197e-05  8.67104428e-01                                 
 4.20543965e-05  6.69943312e-01  4.20543965e-05  5.96829089e-01  4.20543965e-05  7.36659656e-01  4.20543965e-05  0.00000000e+00  4.20543965e-05  1.80052393e+00  4.20543965e-05  5.95749614e-01  4.20543965e-05  7.36548155e-01  4.20543965e-05  7.79404791e-01                                 
 4.20717629e-05  6.69941751e-01  4.20717629e-05  5.96803271e-01  4.20717629e-05  7.77785401e-01  4.20717629e-05  0.00000000e+00  4.20717629e-05  1.79949856e+00  4.20717629e-05  5.95404065e-01  4.20717629e-05  7.76990814e-01  4.20717629e-05  7.62818309e-01                                 
 4.20869078e-05  6.69943310e-01  4.20869078e-05  5.96830359e-01  4.20869078e-05  8.10722908e-01  4.20869078e-05  0.00000000e+00  4.20869078e-05  1.80051642e+00  4.20869078e-05  5.95713669e-01  4.20869078e-05  8.10692805e-01  4.20869078e-05  7.86457258e-01                                 
 4.21034427e-05  6.69941754e-01  4.21034427e-05  5.96803460e-01  4.21034427e-05  8.44197757e-01  4.21034427e-05  0.00000000e+00  4.21034427e-05  1.79950271e+00  4.21034427e-05  5.95392314e-01  4.21034427e-05  8.43232492e-01  4.21034427e-05  8.19418296e-01                                 
 4.21214369e-05  6.69943307e-01  4.21214369e-05  5.96830632e-01  4.21214369e-05  8.77348346e-01  4.21214369e-05  0.00000000e+00  4.21214369e-05  1.80050952e+00  4.21214369e-05  5.95712875e-01  4.21214369e-05  8.77368705e-01  4.21214369e-05  8.53396240e-01                                 
 4.21490114e-05  6.69941755e-01  4.21490114e-05  5.96803325e-01  4.21490114e-05  9.22838690e-01  4.21490114e-05  0.00000000e+00  4.21490114e-05  1.79950476e+00  4.21490114e-05  5.95389987e-01  4.21490114e-05  9.21555864e-01  4.21490114e-05  9.01114192e-01                                 
 4.22041604e-05  6.69943306e-01  4.22041604e-05  5.96830773e-01  4.22041604e-05  9.95964540e-01  4.22041604e-05  0.00000000e+00  4.22041604e-05  1.80050413e+00  4.22041604e-05  5.95717209e-01  4.22041604e-05  9.96275022e-01  4.22041604e-05  9.78929805e-01                                 
 4.23144585e-05  6.69941756e-01  4.23144585e-05  5.96803239e-01  4.23144585e-05  1.09106570e+00  4.23144585e-05  0.00000000e+00  4.23144585e-05  1.79950174e+00  4.23144585e-05  5.95393114e-01  4.23144585e-05  1.08984575e+00  4.23144585e-05  1.08446929e+00                                 
 4.24903021e-05  6.69943306e-01  4.24903021e-05  5.96830816e-01  4.24903021e-05  1.15957445e+00  4.24903021e-05  0.00000000e+00  4.24903021e-05  1.80050001e+00  4.24903021e-05  5.95723324e-01  4.24903021e-05  1.16025131e+00  4.24903021e-05  1.16319822e+00                                 
 4.26904400e-05  6.69941756e-01  4.26904400e-05  5.96803193e-01  4.26904400e-05  1.18328219e+00  4.26904400e-05  0.00000000e+00  4.26904400e-05  1.79950049e+00  4.26904400e-05  5.95395821e-01  4.26904400e-05  1.18254641e+00  4.26904400e-05  1.19084940e+00                                 
 4.29536333e-05  6.69943306e-01  4.29536333e-05  5.96830847e-01  4.29536333e-05  1.19006522e+00  4.29536333e-05  0.00000000e+00  4.29536333e-05  1.80049915e+00  4.29536333e-05  5.95725002e-01  4.29536333e-05  1.19076215e+00  4.29536333e-05  1.19837856e+00                                 
 4.32899214e-05  6.69941756e-01  4.32899214e-05  5.96803165e-01  4.32899214e-05  1.19110829e+00  4.32899214e-05  0.00000000e+00  4.32899214e-05  1.79950064e+00  4.32899214e-05  5.95395744e-01  4.32899214e-05  1.19041155e+00  4.32899214e-05  1.19988390e+00                                 
 4.38747807e-05  6.69943306e-01  4.38747807e-05  5.96830866e-01  4.38747807e-05  1.19096219e+00  4.38747807e-05  0.00000000e+00  4.38747807e-05  1.80049894e+00  4.38747807e-05  5.95725290e-01  4.38747807e-05  1.19165595e+00  4.38747807e-05  1.19943235e+00                                 
 4.50444991e-05  6.69941756e-01  4.50444991e-05  5.96803155e-01  4.50444991e-05  1.19110307e+00  4.50444991e-05  0.00000000e+00  4.50444991e-05  1.79950075e+00  4.50444991e-05  5.95395608e-01  4.50444991e-05  1.19040844e+00  4.50444991e-05  1.19986639e+00                                 
 4.62444991e-05  6.69943306e-01  4.62444991e-05  5.96830873e-01  4.62444991e-05  1.19096374e+00  4.62444991e-05  0.00000000e+00  4.62444991e-05  1.80049887e+00  4.62444991e-05  5.95725378e-01  4.62444991e-05  1.19165610e+00  4.62444991e-05  1.19944125e+00                                 
 4.74444991e-05  6.69941757e-01  4.74444991e-05  5.96803148e-01  4.74444991e-05  1.19110280e+00  4.74444991e-05  0.00000000e+00  4.74444991e-05  1.79950082e+00  4.74444991e-05  5.95395523e-01  4.74444991e-05  1.19040954e+00  4.74444991e-05  1.19986296e+00                                 
 4.80000000e-05  6.69943306e-01  4.80000000e-05  5.96830884e-01  4.80000000e-05  1.19096429e+00  4.80000000e-05  0.00000000e+00  4.80000000e-05  1.80049876e+00  4.80000000e-05  5.95725511e-01  4.80000000e-05  1.19165449e+00  4.80000000e-05  1.19944964e+00                                 
 4.80001000e-05  6.69967759e-01  4.80001000e-05  5.96986758e-01  4.80001000e-05  1.19232767e+00  4.80001000e-05  1.80000000e-01  4.80001000e-05  1.80026731e+00  4.80001000e-05  5.97016977e-01  4.80001000e-05  1.19266918e+00  4.80001000e-05  1.19950084e+00                                 
 4.80003000e-05  6.69949710e-01  4.80003000e-05  5.97005283e-01  4.80003000e-05  1.19206389e+00  4.80003000e-05  5.40000000e-01  4.80003000e-05  1.79988147e+00  4.80003000e-05  5.97320480e-01  4.80003000e-05  1.19269509e+00  4.80003000e-05  1.19954073e+00                                 
 4.80006237e-05  6.69883992e-01  4.80006237e-05  5.96394691e-01  4.80006237e-05  1.18929596e+00  4.80006237e-05  1.12274444e+00  4.80006237e-05  1.80154753e+00  4.80006237e-05  5.92212464e-01  4.80006237e-05  1.18993055e+00  4.80006237e-05  1.19957005e+00                                 
 4.80009537e-05  6.70296962e-01  4.80009537e-05  5.96967329e-01  4.80009537e-05  1.17640426e+00  4.80009537e-05  1.71670640e+00  4.80009537e-05  1.46629584e-01  4.80009537e-05  5.96032212e-01  4.80009537e-05  1.19153880e+00  4.80009537e-05  1.19962294e+00                                 
 4.80010000e-05  6.70609358e-01  4.80010000e-05  5.97249691e-01  4.80010000e-05  1.17135474e+00  4.80010000e-05  1.80000000e+00  4.80010000e-05 -1.95359225e-02  4.80010000e-05  5.98880074e-01  4.80010000e-05  1.19262610e+00  4.80010000e-05  1.19963227e+00                                 
 4.80010163e-05  6.70667508e-01  4.80010163e-05  5.97176046e-01  4.80010163e-05  1.16937521e+00  4.80010163e-05  1.80000000e+00  4.80010163e-05 -7.52627731e-03  4.80010163e-05  5.98345306e-01  4.80010163e-05  1.19244203e+00  4.80010163e-05  1.19961928e+00                                 
 4.80010490e-05  6.70746133e-01  4.80010490e-05  5.97028719e-01  4.80010490e-05  1.16647343e+00  4.80010490e-05  1.80000000e+00  4.80010490e-05  2.03499044e-03  4.80010490e-05  5.97050618e-01  4.80010490e-05  1.19160125e+00  4.80010490e-05  1.19959538e+00                                 
 4.80011143e-05  6.70829075e-01  4.80011143e-05  5.96877996e-01  4.80011143e-05  1.16468952e+00  4.80011143e-05  1.80000000e+00  4.80011143e-05 -5.00410024e-04  4.80011143e-05  5.95742769e-01  4.80011143e-05  1.19049874e+00  4.80011143e-05  1.19960156e+00                                 
 4.80012450e-05  6.70865023e-01  4.80012450e-05  5.96852929e-01  4.80012450e-05  1.16445547e+00  4.80012450e-05  1.80000000e+00  4.80012450e-05  6.05577813e-04  4.80012450e-05  5.95798362e-01  4.80012450e-05  1.19055631e+00  4.80012450e-05  1.19961962e+00                                 
 4.80014717e-05  6.70710015e-01  4.80014717e-05  5.96826179e-01  4.80014717e-05  1.16480636e+00  4.80014717e-05  1.80000000e+00  4.80014717e-05 -4.77203553e-04  4.80014717e-05  5.95652178e-01  4.80014717e-05  1.19041461e+00  4.80014717e-05  1.19962028e+00                                 
 4.80017458e-05  6.70469456e-01  4.80017458e-05  5.96821562e-01  4.80017458e-05  1.16555836e+00  4.80017458e-05  1.80000000e+00  4.80017458e-05  3.47496788e-04  4.80017458e-05  5.95702125e-01  4.80017458e-05  1.19046901e+00  4.80017458e-05  1.19963266e+00                                 
 4.80021847e-05  6.70160178e-01  4.80021847e-05  5.96816016e-01  4.80021847e-05  1.16534522e+00  4.80021847e-05  1.80000000e+00  4.80021847e-05 -3.74452126e-04  4.80021847e-05  5.95628229e-01  4.80021847e-05  1.19039543e+00  4.80021847e-05  1.19962590e+00                                 
 4.80029335e-05  6.69892896e-01  4.80029335e-05  5.96816663e-01  4.80029335e-05  1.16303207e+00  4.80029335e-05  1.80000000e+00  4.80029335e-05  3.07518470e-04  4.80029335e-05  5.95664602e-01  4.80029335e-05  1.19043710e+00  4.80029335e-05  1.19962271e+00                                 
 4.80044311e-05  6.69747195e-01  4.80044311e-05  5.96812055e-01  4.80044311e-05  1.15426393e+00  4.80044311e-05  1.80000000e+00  4.80044311e-05 -3.25172757e-04  4.80044311e-05  5.95574344e-01  4.80044311e-05  1.19035118e+00  4.80044311e-05  1.19958243e+00                                 
 4.80071308e-05  6.69806166e-01  4.80071308e-05  5.96814690e-01  4.80071308e-05  1.13421666e+00  4.80071308e-05  1.80000000e+00  4.80071308e-05  3.11598220e-04  4.80071308e-05  5.95594421e-01  4.80071308e-05  1.19037662e+00  4.80071308e-05  1.19951841e+00                                 
 4.80113021e-05  6.69893635e-01  4.80113021e-05  5.96814394e-01  4.80113021e-05  1.09844717e+00  4.80113021e-05  1.80000000e+00  4.80113021e-05 -3.07299413e-04  4.80113021e-05  5.95522313e-01  4.80113021e-05  1.19030217e+00  4.80113021e-05  1.19941157e+00                                 
 4.80159023e-05  6.69941894e-01  4.80159023e-05  5.96817856e-01  4.80159023e-05  1.05566683e+00  4.80159023e-05  1.80000000e+00  4.80159023e-05  3.09908445e-04  4.80159023e-05  5.95572808e-01  4.80159023e-05  1.19035095e+00  4.80159023e-05  1.19932438e+00                                 
 4.80208655e-05  6.69948049e-01  4.80208655e-05  5.96816065e-01  4.80208655e-05  1.00818643e+00  4.80208655e-05  1.80000000e+00  4.80208655e-05 -2.99731624e-04  4.80208655e-05  5.95522422e-01  4.80208655e-05  1.19029586e+00  4.80208655e-05  1.19923652e+00                                 
 4.80271504e-05  6.69953911e-01  4.80271504e-05  5.96817947e-01  4.80271504e-05  9.48031535e-01  4.80271504e-05  1.80000000e+00  4.80271504e-05  3.06281468e-04  4.80271504e-05  5.95572705e-01  4.80271504e-05  1.19034517e+00  4.80271504e-05  1.19916273e+00                                 
 4.80363390e-05  6.69947060e-01  4.80363390e-05  5.96815758e-01  4.80363390e-05  8.60715869e-01  4.80363390e-05  1.80000000e+00  4.80363390e-05 -2.94879177e-04  4.80363390e-05  5.95515878e-01  4.80363390e-05  1.19028504e+00  4.80363390e-05  1.19907293e+00                                 
 4.80489667e-05  6.69950857e-01  4.80489667e-05  5.96818442e-01  4.80489667e-05  7.45888924e-01  4.80489667e-05  1.80000000e+00  4.80489667e-05  3.06858585e-04  4.80489667e-05  5.95573979e-01  4.80489667e-05  1.19034143e+00  4.80489667e-05  1.19900877e+00                                 
 4.80621352e-05  6.69942390e-01  4.80621352e-05  5.96816374e-01  4.80621352e-05  6.54362478e-01  4.80621352e-05  1.80000000e+00  4.80621352e-05 -2.86488961e-04  4.80621352e-05  5.95536912e-01  4.80621352e-05  1.19029968e+00  4.80621352e-05  1.19896669e+00                                 
 4.80797190e-05  6.69945960e-01  4.80797190e-05  5.96818064e-01  4.80797190e-05  6.07395730e-01  4.80797190e-05  1.80000000e+00  4.80797190e-05  3.13755341e-04  4.80797190e-05  5.95595138e-01  4.80797190e-05  1.19035772e+00  4.80797190e-05  1.19895488e+00                                 
 4.80964425e-05  6.69935218e-01  4.80964425e-05  5.96815747e-01  4.80964425e-05  5.98904972e-01  4.80964425e-05  1.80000000e+00  4.80964425e-05 -2.81878389e-04  4.80964425e-05  5.95537314e-01  4.80964425e-05  1.19029895e+00  4.80964425e-05  1.19894192e+00                                 
 4.81127029e-05  6.69947486e-01  4.81127029e-05  5.96818152e-01  4.81127029e-05  5.95219824e-01  4.81127029e-05  1.80000000e+00  4.81127029e-05  3.12785141e-04  4.81127029e-05  5.95587676e-01  4.81127029e-05  1.19035039e+00  4.81127029e-05  1.19894304e+00                                 
 4.81290425e-05  6.69937981e-01  4.81290425e-05  5.96815874e-01  4.81290425e-05  5.94981398e-01  4.81290425e-05  1.80000000e+00  4.81290425e-05 -2.80008615e-04  4.81290425e-05  5.95535432e-01  4.81290425e-05  1.19029641e+00  4.81290425e-05  1.19893392e+00                                 
 4.81617218e-05  6.69946475e-01  4.81617218e-05  5.96818126e-01  4.81617218e-05  5.94057621e-01  4.81617218e-05  1.80000000e+00  4.81617218e-05  3.11600243e-04  4.81617218e-05  5.95586044e-01  4.81617218e-05  1.19034768e+00  4.81617218e-05  1.19893682e+00                                 
 4.82040310e-05  6.69938917e-01  4.82040310e-05  5.96815914e-01  4.82040310e-05  5.94508352e-01  4.82040310e-05  1.80000000e+00  4.82040310e-05 -2.79250404e-04  4.82040310e-05  5.95535002e-01  4.82040310e-05  1.19029417e+00  4.82040310e-05  1.19892907e+00                                 
 4.82886494e-05  6.69945992e-01  4.82886494e-05  5.96818111e-01  4.82886494e-05  5.94096583e-01  4.82886494e-05  1.80000000e+00  4.82886494e-05  3.11120211e-04  4.82886494e-05  5.95585979e-01  4.82886494e-05  1.19034453e+00  4.82886494e-05  1.19893312e+00                                 
 4.84522618e-05  6.69939147e-01  4.84522618e-05  5.96815921e-01  4.84522618e-05  5.94491198e-01  4.84522618e-05  1.80000000e+00  4.84522618e-05 -2.79008503e-04  4.84522618e-05  5.95535022e-01  4.84522618e-05  1.19028820e+00  4.84522618e-05  1.19892306e+00                                 
 4.87373674e-05  6.69945871e-01  4.87373674e-05  5.96818107e-01  4.87373674e-05  5.94105527e-01  4.87373674e-05  1.80000000e+00  4.87373674e-05  3.10990593e-04  4.87373674e-05  5.95585970e-01  4.87373674e-05  1.19033367e+00  4.87373674e-05  1.19892227e+00                                 
 4.93075785e-05  6.69939212e-01  4.93075785e-05  5.96815923e-01  4.93075785e-05  5.94487152e-01  4.93075785e-05  1.80000000e+00  4.93075785e-05 -2.78937690e-04  4.93075785e-05  5.95535026e-01  4.93075785e-05  1.19026752e+00  4.93075785e-05  1.19890237e+00                                 
 5.04480007e-05  6.69945839e-01  5.04480007e-05  5.96818106e-01  5.04480007e-05  5.94106746e-01  5.04480007e-05  1.80000000e+00  5.04480007e-05  3.10955189e-04  5.04480007e-05  5.95585968e-01  5.04480007e-05  1.19029231e+00  5.04480007e-05  1.19888089e+00                                 
 5.16480007e-05  6.69939233e-01  5.16480007e-05  5.96815923e-01  5.16480007e-05  5.94486572e-01  5.16480007e-05  1.80000000e+00  5.16480007e-05 -2.78914683e-04  5.16480007e-05  5.95535028e-01  5.16480007e-05  1.19021094e+00  5.16480007e-05  1.19884576e+00                                 
 5.28480007e-05  6.69945820e-01  5.28480007e-05  5.96818105e-01  5.28480007e-05  5.94109905e-01  5.28480007e-05  1.80000000e+00  5.28480007e-05  3.10932766e-04  5.28480007e-05  5.95585967e-01  5.28480007e-05  1.19023430e+00  5.28480007e-05  1.19882286e+00                                 
 5.40010000e-05  6.69939253e-01  5.40010000e-05  5.96815924e-01  5.40010000e-05  5.94485221e-01  5.40010000e-05  1.80000000e+00  5.40010000e-05 -2.78891817e-04  5.40010000e-05  5.95535029e-01  5.40010000e-05  1.19015410e+00  5.40010000e-05  1.19878890e+00                                 
 5.40011000e-05  6.69889625e-01  5.40011000e-05  5.96580355e-01  5.40011000e-05  5.92806989e-01  5.40011000e-05  1.62000000e+00  5.40011000e-05 -1.18618292e-04  5.40011000e-05  5.94064542e-01  5.40011000e-05  1.18891205e+00  5.40011000e-05  1.19878216e+00                                 
 5.40013000e-05  6.69924383e-01  5.40013000e-05  5.96571314e-01  5.40013000e-05  5.92653382e-01  5.40013000e-05  1.26000000e+00  5.40013000e-05  3.06690823e-05  5.40013000e-05  5.93692060e-01  5.40013000e-05  1.18860161e+00  5.40013000e-05  1.19879623e+00                                 
 5.40016448e-05  6.69995413e-01  5.40016448e-05  5.96767642e-01  5.40016448e-05  5.94613782e-01  5.40016448e-05  6.39332591e-01  5.40016448e-05  2.29801952e-02  5.40016448e-05  5.93829947e-01  5.40016448e-05  1.18522191e+00  5.40016448e-05  1.19877216e+00                                 
 5.40020000e-05  6.69922427e-01  5.40020000e-05  5.96083580e-01  5.40020000e-05  6.19544866e-01  5.40020000e-05  0.00000000e+00  5.40020000e-05  1.61700899e+00  5.40020000e-05  5.87157316e-01  5.40020000e-05  1.02614345e+00  5.40020000e-05  1.19827266e+00                                 
 5.40020464e-05  6.69939810e-01  5.40020464e-05  5.95405841e-01  5.40020464e-05  6.28120516e-01  5.40020464e-05  0.00000000e+00  5.40020464e-05  1.73398394e+00  5.40020464e-05  5.79446994e-01  5.40020464e-05  9.60927240e-01  5.40020464e-05  1.19811339e+00                                 
 5.40021393e-05  6.69944169e-01  5.40021393e-05  5.94492775e-01  5.40021393e-05  6.33062264e-01  5.40021393e-05  0.00000000e+00  5.40021393e-05  1.81454218e+00  5.40021393e-05  5.69050582e-01  5.40021393e-05  8.33954878e-01  5.40021393e-05  1.19838314e+00                                 
 5.40023031e-05  6.69939910e-01  5.40023031e-05  5.94871570e-01  5.40023031e-05  6.17982067e-01  5.40023031e-05  0.00000000e+00  5.40023031e-05  1.78867756e+00  5.40023031e-05  5.73540849e-01  5.40023031e-05  6.87759339e-01  5.40023031e-05  1.19913043e+00                                 
 5.40024730e-05  6.69942507e-01  5.40024730e-05  5.95832754e-01  5.40024730e-05  6.05908258e-01  5.40024730e-05  0.00000000e+00  5.40024730e-05  1.80541392e+00  5.40024730e-05  5.84023146e-01  5.40024730e-05  6.30450485e-01  5.40024730e-05  1.19914831e+00                                 
 5.40026140e-05  6.69939944e-01  5.40026140e-05  5.96311619e-01  5.40026140e-05  6.00448677e-01  5.40026140e-05  0.00000000e+00  5.40026140e-05  1.79731286e+00  5.40026140e-05  5.88516547e-01  5.40026140e-05  6.10849524e-01  5.40026140e-05  1.19892872e+00                                 
 5.40027989e-05  6.69942390e-01  5.40027989e-05  5.96794644e-01  5.40027989e-05  5.97015773e-01  5.40027989e-05  0.00000000e+00  5.40027989e-05  1.80167691e+00  5.40027989e-05  5.93132552e-01  5.40027989e-05  6.01422768e-01  5.40027989e-05  1.19802611e+00                                 
 5.40030246e-05  6.69940608e-01  5.40030246e-05  5.96991763e-01  5.40030246e-05  5.95722135e-01  5.40030246e-05  0.00000000e+00  5.40030246e-05  1.79897729e+00  5.40030246e-05  5.94661627e-01  5.40030246e-05  5.96650402e-01  5.40030246e-05  1.19670863e+00                                 
 5.40033676e-05  6.69942754e-01  5.40033676e-05  5.97144861e-01  5.40033676e-05  5.95598552e-01  5.40033676e-05  0.00000000e+00  5.40033676e-05  1.80082221e+00  5.40033676e-05  5.96176787e-01  5.40033676e-05  5.95888549e-01  5.40033676e-05  1.19422324e+00                                 
 5.40038492e-05  6.69941290e-01  5.40038492e-05  5.97119321e-01  5.40038492e-05  5.96804565e-01  5.40038492e-05  0.00000000e+00  5.40038492e-05  1.79935235e+00  5.40038492e-05  5.96104681e-01  5.40038492e-05  5.96337446e-01  5.40038492e-05  1.19050469e+00                                 
 5.40046572e-05  6.69943158e-01  5.40046572e-05  5.97109325e-01  5.40046572e-05  5.99041644e-01  5.40046572e-05  0.00000000e+00  5.40046572e-05  1.80060253e+00  5.40046572e-05  5.96577370e-01  5.40046572e-05  5.99000102e-01  5.40046572e-05  1.18374708e+00                                 
 5.40061050e-05  6.69941667e-01  5.40061050e-05  5.97007891e-01  5.40061050e-05  6.03572913e-01  5.40061050e-05  0.00000000e+00  5.40061050e-05  1.79946152e+00  5.40061050e-05  5.96272980e-01  5.40061050e-05  6.03054483e-01  5.40061050e-05  1.17101426e+00                                 
 5.40090007e-05  6.69943306e-01  5.40090007e-05  5.96913721e-01  5.40090007e-05  6.12338511e-01  5.40090007e-05  0.00000000e+00  5.40090007e-05  1.80054693e+00  5.40090007e-05  5.96499790e-01  5.40090007e-05  6.12253793e-01  5.40090007e-05  1.14436499e+00                                 
 5.40144344e-05  6.69941738e-01  5.40144344e-05  5.96795468e-01  5.40144344e-05  6.28711776e-01  5.40144344e-05  0.00000000e+00  5.40144344e-05  1.79948755e+00  5.40144344e-05  5.95977168e-01  5.40144344e-05  6.28139534e-01  5.40144344e-05  1.09348414e+00                                 
 5.40239444e-05  6.69943309e-01  5.40239444e-05  5.96819843e-01  5.40239444e-05  6.56141653e-01  5.40239444e-05  0.00000000e+00  5.40239444e-05  1.80053188e+00  5.40239444e-05  5.96031668e-01  5.40239444e-05  6.56007288e-01  5.40239444e-05  1.00346684e+00                                 
 5.40390197e-05  6.69941747e-01  5.40390197e-05  5.96800408e-01  5.40390197e-05  6.97522579e-01  5.40390197e-05  0.00000000e+00  5.40390197e-05  1.79949460e+00  5.40390197e-05  5.95509019e-01  5.40390197e-05  6.96809527e-01  5.40390197e-05  8.67104439e-01                                 
 5.40543965e-05  6.69943311e-01  5.40543965e-05  5.96829089e-01  5.40543965e-05  7.36659655e-01  5.40543965e-05  0.00000000e+00  5.40543965e-05  1.80052393e+00  5.40543965e-05  5.95749614e-01  5.40543965e-05  7.36548155e-01  5.40543965e-05  7.79404798e-01                                 
 5.40717629e-05  6.69941751e-01  5.40717629e-05  5.96803271e-01  5.40717629e-05  7.77785402e-01  5.40717629e-05  0.00000000e+00  5.40717629e-05  1.79949856e+00  5.40717629e-05  5.95404064e-01  5.40717629e-05  7.76990815e-01  5.40717629e-05  7.62818311e-01                                 
 5.40869078e-05  6.69943310e-01  5.40869078e-05  5.96830359e-01  5.40869078e-05  8.10722912e-01  5.40869078e-05  0.00000000e+00  5.40869078e-05  1.80051642e+00  5.40869078e-05  5.95713669e-01  5.40869078e-05  8.10692809e-01  5.40869078e-05  7.86457261e-01                                 
 5.41034427e-05  6.69941754e-01  5.41034427e-05  5.96803460e-01  5.41034427e-05  8.44197760e-01  5.41034427e-05  0.00000000e+00  5.41034427e-05  1.79950271e+00  5.41034427e-05  5.95392313e-01  5.41034427e-05  8.43232495e-01  5.41034427e-05  8.19418299e-01                                 
 5.41214369e-05  6.69943307e-01  5.41214369e-05  5.96830632e-01  5.41214369e-05  8.77348348e-01  5.41214369e-05  0.00000000e+00  5.41214369e-05  1.80050952e+00  5.41214369e-05  5.95712875e-01  5.41214369e-05  8.77368707e-01  5.41214369e-05  8.53396243e-01                                 
 5.41490114e-05  6.69941756e-01  5.41490114e-05  5.96803325e-01  5.41490114e-05  9.22838689e-01  5.41490114e-05  0.00000000e+00  5.41490114e-05  1.79950476e+00  5.41490114e-05  5.95389987e-01  5.41490114e-05  9.21555863e-01  5.41490114e-05  9.01114191e-01                                 
 5.42041604e-05  6.69943306e-01  5.42041604e-05  5.96830774e-01  5.42041604e-05  9.95964534e-01  5.42041604e-05  0.00000000e+00  5.42041604e-05  1.80050413e+00  5.42041604e-05  5.95717209e-01  5.42041604e-05  9.96275017e-01  5.42041604e-05  9.78929799e-01                                 
 5.43144585e-05  6.69941756e-01  5.43144585e-05  5.96803239e-01  5.43144585e-05  1.09106569e+00  5.43144585e-05  0.00000000e+00  5.43144585e-05  1.79950174e+00  5.43144585e-05  5.95393114e-01  5.43144585e-05  1.08984575e+00  5.43144585e-05  1.08446929e+00                                 
 5.44903021e-05  6.69943306e-01  5.44903021e-05  5.96830816e-01  5.44903021e-05  1.15957444e+00  5.44903021e-05  0.00000000e+00  5.44903021e-05  1.80050001e+00  5.44903021e-05  5.95723324e-01  5.44903021e-05  1.16025130e+00  5.44903021e-05  1.16319821e+00                                 
 5.46904400e-05  6.69941756e-01  5.46904400e-05  5.96803192e-01  5.46904400e-05  1.18328218e+00  5.46904400e-05  0.00000000e+00  5.46904400e-05  1.79950049e+00  5.46904400e-05  5.95395820e-01  5.46904400e-05  1.18254640e+00  5.46904400e-05  1.19084939e+00                                 
 5.49536333e-05  6.69943306e-01  5.49536333e-05  5.96830847e-01  5.49536333e-05  1.19006521e+00  5.49536333e-05  0.00000000e+00  5.49536333e-05  1.80049915e+00  5.49536333e-05  5.95725003e-01  5.49536333e-05  1.19076214e+00  5.49536333e-05  1.19837855e+00                                 
 5.52899214e-05  6.69941756e-01  5.52899214e-05  5.96803165e-01  5.52899214e-05  1.19110828e+00  5.52899214e-05  0.00000000e+00  5.52899214e-05  1.79950064e+00  5.52899214e-05  5.95395744e-01  5.52899214e-05  1.19041155e+00  5.52899214e-05  1.19988389e+00                                 
 5.58747806e-05  6.69943306e-01  5.58747806e-05  5.96830866e-01  5.58747806e-05  1.19096217e+00  5.58747806e-05  0.00000000e+00  5.58747806e-05  1.80049894e+00  5.58747806e-05  5.95725290e-01  5.58747806e-05  1.19165593e+00  5.58747806e-05  1.19943233e+00                                 
 5.70444991e-05  6.69941757e-01  5.70444991e-05  5.96803155e-01  5.70444991e-05  1.19110302e+00  5.70444991e-05  0.00000000e+00  5.70444991e-05  1.79950075e+00  5.70444991e-05  5.95395609e-01  5.70444991e-05  1.19040839e+00  5.70444991e-05  1.19986633e+00                                 
 5.82444991e-05  6.69943306e-01  5.82444991e-05  5.96830873e-01  5.82444991e-05  1.19096364e+00  5.82444991e-05  0.00000000e+00  5.82444991e-05  1.80049887e+00  5.82444991e-05  5.95725378e-01  5.82444991e-05  1.19165600e+00  5.82444991e-05  1.19944116e+00                                 
 5.94444991e-05  6.69941757e-01  5.94444991e-05  5.96803148e-01  5.94444991e-05  1.19110269e+00  5.94444991e-05  0.00000000e+00  5.94444991e-05  1.79950082e+00  5.94444991e-05  5.95395524e-01  5.94444991e-05  1.19040943e+00  5.94444991e-05  1.19986285e+00                                 
 6.00000000e-05  6.69943306e-01  6.00000000e-05  5.96830884e-01  6.00000000e-05  1.19096418e+00  6.00000000e-05  0.00000000e+00  6.00000000e-05  1.80049876e+00  6.00000000e-05  5.95725511e-01  6.00000000e-05  1.19165438e+00  6.00000000e-05  1.19944953e+00                                 
 6.00001000e-05  6.69967759e-01  6.00001000e-05  5.96986758e-01  6.00001000e-05  1.19232756e+00  6.00001000e-05  1.80000000e-01  6.00001000e-05  1.80026731e+00  6.00001000e-05  5.97016976e-01  6.00001000e-05  1.19266907e+00  6.00001000e-05  1.19950073e+00                                 
 6.00003000e-05  6.69949710e-01  6.00003000e-05  5.97005282e-01  6.00003000e-05  1.19206378e+00  6.00003000e-05  5.40000000e-01  6.00003000e-05  1.79988147e+00  6.00003000e-05  5.97320480e-01  6.00003000e-05  1.19269498e+00  6.00003000e-05  1.19954062e+00                                 
 6.00006237e-05  6.69883992e-01  6.00006237e-05  5.96394691e-01  6.00006237e-05  1.18929585e+00  6.00006237e-05  1.12274444e+00  6.00006237e-05  1.80154753e+00  6.00006237e-05  5.92212464e-01  6.00006237e-05  1.18993044e+00  6.00006237e-05  1.19956994e+00                                 
 6.00009537e-05  6.70296962e-01  6.00009537e-05  5.96967328e-01  6.00009537e-05  1.17640415e+00  6.00009537e-05  1.71670641e+00  6.00009537e-05  1.46629579e-01  6.00009537e-05  5.96032211e-01  6.00009537e-05  1.19153869e+00  6.00009537e-05  1.19962283e+00                                 
 6.00010000e-05  6.70609357e-01  6.00010000e-05  5.97249691e-01  6.00010000e-05  1.17135464e+00  6.00010000e-05  1.80000000e+00  6.00010000e-05 -1.95359162e-02  6.00010000e-05  5.98880073e-01  6.00010000e-05  1.19262599e+00  6.00010000e-05  1.19963216e+00                                 
 6.00010163e-05  6.70667507e-01  6.00010163e-05  5.97176046e-01  6.00010163e-05  1.16937511e+00  6.00010163e-05  1.80000000e+00  6.00010163e-05 -7.52627455e-03  6.00010163e-05  5.98345305e-01  6.00010163e-05  1.19244192e+00  6.00010163e-05  1.19961917e+00                                 
 6.00010490e-05  6.70746133e-01  6.00010490e-05  5.97028719e-01  6.00010490e-05  1.16647332e+00  6.00010490e-05  1.80000000e+00  6.00010490e-05  2.03499013e-03  6.00010490e-05  5.97050616e-01  6.00010490e-05  1.19160114e+00  6.00010490e-05  1.19959527e+00                                 
 6.00011143e-05  6.70829075e-01  6.00011143e-05  5.96877995e-01  6.00011143e-05  1.16468941e+00  6.00011143e-05  1.80000000e+00  6.00011143e-05 -5.00409897e-04  6.00011143e-05  5.95742768e-01  6.00011143e-05  1.19049863e+00  6.00011143e-05  1.19960145e+00                                 
 6.00012450e-05  6.70865022e-01  6.00012450e-05  5.96852929e-01  6.00012450e-05  1.16445537e+00  6.00012450e-05  1.80000000e+00  6.00012450e-05  6.05577675e-04  6.00012450e-05  5.95798361e-01  6.00012450e-05  1.19055620e+00  6.00012450e-05  1.19961951e+00                                 
 6.00014717e-05  6.70710014e-01  6.00014717e-05  5.96826179e-01  6.00014717e-05  1.16480625e+00  6.00014717e-05  1.80000000e+00  6.00014717e-05 -4.77203438e-04  6.00014717e-05  5.95652177e-01  6.00014717e-05  1.19041450e+00  6.00014717e-05  1.19962017e+00                                 
 6.00017458e-05  6.70469455e-01  6.00017458e-05  5.96821562e-01  6.00017458e-05  1.16555825e+00  6.00017458e-05  1.80000000e+00  6.00017458e-05  3.47496699e-04  6.00017458e-05  5.95702124e-01  6.00017458e-05  1.19046890e+00  6.00017458e-05  1.19963255e+00                                 
 6.00021847e-05  6.70160178e-01  6.00021847e-05  5.96816016e-01  6.00021847e-05  1.16534512e+00  6.00021847e-05  1.80000000e+00  6.00021847e-05 -3.74452029e-04  6.00021847e-05  5.95628228e-01  6.00021847e-05  1.19039532e+00  6.00021847e-05  1.19962579e+00                                 
 6.00029335e-05  6.69892896e-01  6.00029335e-05  5.96816663e-01  6.00029335e-05  1.16303196e+00  6.00029335e-05  1.80000000e+00  6.00029335e-05  3.07518387e-04  6.00029335e-05  5.95664602e-01  6.00029335e-05  1.19043699e+00  6.00029335e-05  1.19962260e+00                                 
 6.00044311e-05  6.69747195e-01  6.00044311e-05  5.96812055e-01  6.00044311e-05  1.15426382e+00  6.00044311e-05  1.80000000e+00  6.00044311e-05 -3.25172671e-04  6.00044311e-05  5.95574344e-01  6.00044311e-05  1.19035107e+00  6.00044311e-05  1.19958232e+00                                 
 6.00071308e-05  6.69806166e-01  6.00071308e-05  5.96814690e-01  6.00071308e-05  1.13421656e+00  6.00071308e-05  1.80000000e+00  6.00071308e-05  3.11598140e-04  6.00071308e-05  5.95594421e-01  6.00071308e-05  1.19037652e+00  6.00071308e-05  1.19951830e+00                                 
 6.00113021e-05  6.69893635e-01  6.00113021e-05  5.96814394e-01  6.00113021e-05  1.09844706e+00  6.00113021e-05  1.80000000e+00  6.00113021e-05 -3.07299330e-04  6.00113021e-05  5.95522313e-01  6.00113021e-05  1.19030206e+00  6.00113021e-05  1.19941146e+00                                 
 6.00159023e-05  6.69941894e-01  6.00159023e-05  5.96817856e-01  6.00159023e-05  1.05566671e+00  6.00159023e-05  1.80000000e+00  6.00159023e-05  3.09908365e-04  6.00159023e-05  5.95572808e-01  6.00159023e-05  1.19035084e+00  6.00159023e-05  1.19932427e+00                                 
 6.00208655e-05  6.69948049e-01  6.00208655e-05  5.96816065e-01  6.00208655e-05  1.00818632e+00  6.00208655e-05  1.80000000e+00  6.00208655e-05 -2.99731544e-04  6.00208655e-05  5.95522422e-01  6.00208655e-05  1.19029576e+00  6.00208655e-05  1.19923641e+00                                 
 6.00271504e-05  6.69953911e-01  6.00271504e-05  5.96817947e-01  6.00271504e-05  9.48031401e-01  6.00271504e-05  1.80000000e+00  6.00271504e-05  3.06281390e-04  6.00271504e-05  5.95572705e-01  6.00271504e-05  1.19034507e+00  6.00271504e-05  1.19916262e+00                                 
 6.00363390e-05  6.69947060e-01  6.00363390e-05  5.96815758e-01  6.00363390e-05  8.60715729e-01  6.00363390e-05  1.80000000e+00  6.00363390e-05 -2.94879097e-04  6.00363390e-05  5.95515878e-01  6.00363390e-05  1.19028493e+00  6.00363390e-05  1.19907282e+00                                 
 6.00489667e-05  6.69950857e-01  6.00489667e-05  5.96818442e-01  6.00489667e-05  7.45888848e-01  6.00489667e-05  1.80000000e+00  6.00489667e-05  3.06858508e-04  6.00489667e-05  5.95573979e-01  6.00489667e-05  1.19034132e+00  6.00489667e-05  1.19900866e+00                                 
 6.00621352e-05  6.69942390e-01  6.00621352e-05  5.96816374e-01  6.00621352e-05  6.54362420e-01  6.00621352e-05  1.80000000e+00  6.00621352e-05 -2.86488878e-04  6.00621352e-05  5.95536912e-01  6.00621352e-05  1.19029958e+00  6.00621352e-05  1.19896658e+00                                 
 6.00797190e-05  6.69945961e-01  6.00797190e-05  5.96818064e-01  6.00797190e-05  6.07395721e-01  6.00797190e-05  1.80000000e+00  6.00797190e-05  3.13755262e-04  6.00797190e-05  5.95595138e-01  6.00797190e-05  1.19035761e+00  6.00797190e-05  1.19895477e+00                                 
 6.00964425e-05  6.69935218e-01  6.00964425e-05  5.96815747e-01  6.00964425e-05  5.98904967e-01  6.00964425e-05  1.80000000e+00  6.00964425e-05 -2.81878309e-04  6.00964425e-05  5.95537314e-01  6.00964425e-05  1.19029884e+00  6.00964425e-05  1.19894181e+00                                 
 6.01127029e-05  6.69947486e-01  6.01127029e-05  5.96818152e-01  6.01127029e-05  5.95219824e-01  6.01127029e-05  1.80000000e+00  6.01127029e-05  3.12785062e-04  6.01127029e-05  5.95587676e-01  6.01127029e-05  1.19035028e+00  6.01127029e-05  1.19894292e+00                                 
 6.01290425e-05  6.69937981e-01  6.01290425e-05  5.96815874e-01  6.01290425e-05  5.94981397e-01  6.01290425e-05  1.80000000e+00  6.01290425e-05 -2.80008537e-04  6.01290425e-05  5.95535432e-01  6.01290425e-05  1.19029630e+00  6.01290425e-05  1.19893381e+00                                 
 6.01617219e-05  6.69946475e-01  6.01617219e-05  5.96818126e-01  6.01617219e-05  5.94057621e-01  6.01617219e-05  1.80000000e+00  6.01617219e-05  3.11600165e-04  6.01617219e-05  5.95586043e-01  6.01617219e-05  1.19034756e+00  6.01617219e-05  1.19893671e+00                                 
 6.02040311e-05  6.69938917e-01  6.02040311e-05  5.96815914e-01  6.02040311e-05  5.94508352e-01  6.02040311e-05  1.80000000e+00  6.02040311e-05 -2.79250327e-04  6.02040311e-05  5.95535002e-01  6.02040311e-05  1.19029406e+00  6.02040311e-05  1.19892896e+00                                 
 6.02886495e-05  6.69945992e-01  6.02886495e-05  5.96818111e-01  6.02886495e-05  5.94096584e-01  6.02886495e-05  1.80000000e+00  6.02886495e-05  3.11120133e-04  6.02886495e-05  5.95585979e-01  6.02886495e-05  1.19034442e+00  6.02886495e-05  1.19893301e+00                                 
 6.04522621e-05  6.69939147e-01  6.04522621e-05  5.96815921e-01  6.04522621e-05  5.94491197e-01  6.04522621e-05  1.80000000e+00  6.04522621e-05 -2.79008426e-04  6.04522621e-05  5.95535022e-01  6.04522621e-05  1.19028809e+00  6.04522621e-05  1.19892295e+00                                 
 6.07373684e-05  6.69945871e-01  6.07373684e-05  5.96818107e-01  6.07373684e-05  5.94105527e-01  6.07373684e-05  1.80000000e+00  6.07373684e-05  3.10990516e-04  6.07373684e-05  5.95585970e-01  6.07373684e-05  1.19033357e+00  6.07373684e-05  1.19892217e+00                                 
 6.13075810e-05  6.69939212e-01  6.13075810e-05  5.96815922e-01  6.13075810e-05  5.94487151e-01  6.13075810e-05  1.80000000e+00  6.13075810e-05 -2.78937613e-04  6.13075810e-05  5.95535026e-01  6.13075810e-05  1.19026741e+00  6.13075810e-05  1.19890226e+00                                 
 6.24480062e-05  6.69945840e-01  6.24480062e-05  5.96818106e-01  6.24480062e-05  5.94106746e-01  6.24480062e-05  1.80000000e+00  6.24480062e-05  3.10955111e-04  6.24480062e-05  5.95585968e-01  6.24480062e-05  1.19029221e+00  6.24480062e-05  1.19888078e+00                                 
 6.36480062e-05  6.69939233e-01  6.36480062e-05  5.96815923e-01  6.36480062e-05  5.94486572e-01  6.36480062e-05  1.80000000e+00  6.36480062e-05 -2.78914606e-04  6.36480062e-05  5.95535028e-01  6.36480062e-05  1.19021084e+00  6.36480062e-05  1.19884566e+00                                 
 6.48480062e-05  6.69945820e-01  6.48480062e-05  5.96818105e-01  6.48480062e-05  5.94109905e-01  6.48480062e-05  1.80000000e+00  6.48480062e-05  3.10932688e-04  6.48480062e-05  5.95585967e-01  6.48480062e-05  1.19023422e+00  6.48480062e-05  1.19882278e+00                                 
 6.60010000e-05  6.69939253e-01  6.60010000e-05  5.96815924e-01  6.60010000e-05  5.94485221e-01  6.60010000e-05  1.80000000e+00  6.60010000e-05 -2.78891740e-04  6.60010000e-05  5.95535029e-01  6.60010000e-05  1.19015400e+00  6.60010000e-05  1.19878880e+00                                 
 6.60011000e-05  6.69889625e-01  6.60011000e-05  5.96580354e-01  6.60011000e-05  5.92806988e-01  6.60011000e-05  1.62000000e+00  6.60011000e-05 -1.18618284e-04  6.60011000e-05  5.94064542e-01  6.60011000e-05  1.18891195e+00  6.60011000e-05  1.19878207e+00                                 
 6.60013000e-05  6.69924383e-01  6.60013000e-05  5.96571313e-01  6.60013000e-05  5.92653382e-01  6.60013000e-05  1.26000000e+00  6.60013000e-05  3.06690777e-05  6.60013000e-05  5.93692059e-01  6.60013000e-05  1.18860151e+00  6.60013000e-05  1.19879613e+00                                 
 6.60016448e-05  6.69995412e-01  6.60016448e-05  5.96767642e-01  6.60016448e-05  5.94613782e-01  6.60016448e-05  6.39332591e-01  6.60016448e-05  2.29801954e-02  6.60016448e-05  5.93829947e-01  6.60016448e-05  1.18522181e+00  6.60016448e-05  1.19877206e+00                                 
 6.60020000e-05  6.69922427e-01  6.60020000e-05  5.96083581e-01  6.60020000e-05  6.19544862e-01  6.60020000e-05  0.00000000e+00  6.60020000e-05  1.61700900e+00  6.60020000e-05  5.87157319e-01  6.60020000e-05  1.02614338e+00  6.60020000e-05  1.19827256e+00                                 
 6.60020464e-05  6.69939810e-01  6.60020464e-05  5.95405841e-01  6.60020464e-05  6.28120512e-01  6.60020464e-05  0.00000000e+00  6.60020464e-05  1.73398394e+00  6.60020464e-05  5.79446997e-01  6.60020464e-05  9.60927174e-01  6.60020464e-05  1.19811329e+00                                 
 6.60021393e-05  6.69944169e-01  6.60021393e-05  5.94492775e-01  6.60021393e-05  6.33062259e-01  6.60021393e-05  0.00000000e+00  6.60021393e-05  1.81454218e+00  6.60021393e-05  5.69050586e-01  6.60021393e-05  8.33954826e-01  6.60021393e-05  1.19838304e+00                                 
 6.60023031e-05  6.69939910e-01  6.60023031e-05  5.94871570e-01  6.60023031e-05  6.17982062e-01  6.60023031e-05  0.00000000e+00  6.60023031e-05  1.78867756e+00  6.60023031e-05  5.73540853e-01  6.60023031e-05  6.87759317e-01  6.60023031e-05  1.19913034e+00                                 
 6.60024730e-05  6.69942507e-01  6.60024730e-05  5.95832754e-01  6.60024730e-05  6.05908256e-01  6.60024730e-05  0.00000000e+00  6.60024730e-05  1.80541392e+00  6.60024730e-05  5.84023148e-01  6.60024730e-05  6.30450476e-01  6.60024730e-05  1.19914821e+00                                 
 6.60026140e-05  6.69939943e-01  6.60026140e-05  5.96311619e-01  6.60026140e-05  6.00448676e-01  6.60026140e-05  0.00000000e+00  6.60026140e-05  1.79731286e+00  6.60026140e-05  5.88516548e-01  6.60026140e-05  6.10849520e-01  6.60026140e-05  1.19892862e+00                                 
 6.60027989e-05  6.69942389e-01  6.60027989e-05  5.96794644e-01  6.60027989e-05  5.97015772e-01  6.60027989e-05  0.00000000e+00  6.60027989e-05  1.80167691e+00  6.60027989e-05  5.93132552e-01  6.60027989e-05  6.01422767e-01  6.60027989e-05  1.19802602e+00                                 
 6.60030246e-05  6.69940608e-01  6.60030246e-05  5.96991763e-01  6.60030246e-05  5.95722134e-01  6.60030246e-05  0.00000000e+00  6.60030246e-05  1.79897729e+00  6.60030246e-05  5.94661627e-01  6.60030246e-05  5.96650401e-01  6.60030246e-05  1.19670853e+00                                 
 6.60033676e-05  6.69942754e-01  6.60033676e-05  5.97144861e-01  6.60033676e-05  5.95598552e-01  6.60033676e-05  0.00000000e+00  6.60033676e-05  1.80082221e+00  6.60033676e-05  5.96176786e-01  6.60033676e-05  5.95888549e-01  6.60033676e-05  1.19422314e+00                                 
 6.60038492e-05  6.69941290e-01  6.60038492e-05  5.97119321e-01  6.60038492e-05  5.96804565e-01  6.60038492e-05  0.00000000e+00  6.60038492e-05  1.79935235e+00  6.60038492e-05  5.96104681e-01  6.60038492e-05  5.96337446e-01  6.60038492e-05  1.19050460e+00                                 
 6.60046572e-05  6.69943158e-01  6.60046572e-05  5.97109325e-01  6.60046572e-05  5.99041645e-01  6.60046572e-05  0.00000000e+00  6.60046572e-05  1.80060253e+00  6.60046572e-05  5.96577369e-01  6.60046572e-05  5.99000103e-01  6.60046572e-05  1.18374698e+00                                 
 6.60061050e-05  6.69941667e-01  6.60061050e-05  5.97007891e-01  6.60061050e-05  6.03572914e-01  6.60061050e-05  0.00000000e+00  6.60061050e-05  1.79946152e+00  6.60061050e-05  5.96272980e-01  6.60061050e-05  6.03054484e-01  6.60061050e-05  1.17101416e+00                                 
 6.60090007e-05  6.69943306e-01  6.60090007e-05  5.96913721e-01  6.60090007e-05  6.12338514e-01  6.60090007e-05  0.00000000e+00  6.60090007e-05  1.80054693e+00  6.60090007e-05  5.96499790e-01  6.60090007e-05  6.12253796e-01  6.60090007e-05  1.14436489e+00                                 
 6.60144344e-05  6.69941738e-01  6.60144344e-05  5.96795468e-01  6.60144344e-05  6.28711780e-01  6.60144344e-05  0.00000000e+00  6.60144344e-05  1.79948755e+00  6.60144344e-05  5.95977168e-01  6.60144344e-05  6.28139538e-01  6.60144344e-05  1.09348403e+00                                 
 6.60239444e-05  6.69943309e-01  6.60239444e-05  5.96819843e-01  6.60239444e-05  6.56141663e-01  6.60239444e-05  0.00000000e+00  6.60239444e-05  1.80053188e+00  6.60239444e-05  5.96031668e-01  6.60239444e-05  6.56007298e-01  6.60239444e-05  1.00346671e+00                                 
 6.60390197e-05  6.69941748e-01  6.60390197e-05  5.96800408e-01  6.60390197e-05  6.97522586e-01  6.60390197e-05  0.00000000e+00  6.60390197e-05  1.79949460e+00  6.60390197e-05  5.95509019e-01  6.60390197e-05  6.96809534e-01  6.60390197e-05  8.67104336e-01                                 
 6.60543965e-05  6.69943311e-01  6.60543965e-05  5.96829088e-01  6.60543965e-05  7.36659662e-01  6.60543965e-05  0.00000000e+00  6.60543965e-05  1.80052393e+00  6.60543965e-05  5.95749614e-01  6.60543965e-05  7.36548162e-01  6.60543965e-05  7.79404739e-01                                 
 6.60717629e-05  6.69941751e-01  6.60717629e-05  5.96803271e-01  6.60717629e-05  7.77785398e-01  6.60717629e-05  0.00000000e+00  6.60717629e-05  1.79949856e+00  6.60717629e-05  5.95404064e-01  6.60717629e-05  7.76990812e-01  6.60717629e-05  7.62818300e-01                                 
 6.60869078e-05  6.69943310e-01  6.60869078e-05  5.96830359e-01  6.60869078e-05  8.10722884e-01  6.60869078e-05  0.00000000e+00  6.60869078e-05  1.80051642e+00  6.60869078e-05  5.95713669e-01  6.60869078e-05  8.10692781e-01  6.60869078e-05  7.86457235e-01                                 
 6.61034427e-05  6.69941754e-01  6.61034427e-05  5.96803460e-01  6.61034427e-05  8.44197740e-01  6.61034427e-05  0.00000000e+00  6.61034427e-05  1.79950271e+00  6.61034427e-05  5.95392313e-01  6.61034427e-05  8.43232476e-01  6.61034427e-05  8.19418278e-01                                 
 6.61214369e-05  6.69943307e-01  6.61214369e-05  5.96830633e-01  6.61214369e-05  8.77348334e-01  6.61214369e-05  0.00000000e+00  6.61214369e-05  1.80050952e+00  6.61214369e-05  5.95712875e-01  6.61214369e-05  8.77368694e-01  6.61214369e-05  8.53396228e-01                                 
 6.61490114e-05  6.69941755e-01  6.61490114e-05  5.96803325e-01  6.61490114e-05  9.22838693e-01  6.61490114e-05  0.00000000e+00  6.61490114e-05  1.79950476e+00  6.61490114e-05  5.95389987e-01  6.61490114e-05  9.21555868e-01  6.61490114e-05  9.01114195e-01                                 
 6.62041605e-05  6.69943306e-01  6.62041605e-05  5.96830773e-01  6.62041605e-05  9.95964562e-01  6.62041605e-05  0.00000000e+00  6.62041605e-05  1.80050413e+00  6.62041605e-05  5.95717209e-01  6.62041605e-05  9.96275045e-01  6.62041605e-05  9.78929829e-01                                 
 6.63144585e-05  6.69941756e-01  6.63144585e-05  5.96803239e-01  6.63144585e-05  1.09106573e+00  6.63144585e-05  0.00000000e+00  6.63144585e-05  1.79950174e+00  6.63144585e-05  5.95393114e-01  6.63144585e-05  1.08984579e+00  6.63144585e-05  1.08446933e+00                                 
 6.64903022e-05  6.69943306e-01  6.64903022e-05  5.96830816e-01  6.64903022e-05  1.15957446e+00  6.64903022e-05  0.00000000e+00  6.64903022e-05  1.80050001e+00  6.64903022e-05  5.95723324e-01  6.64903022e-05  1.16025131e+00  6.64903022e-05  1.16319823e+00                                 
 6.66904401e-05  6.69941756e-01  6.66904401e-05  5.96803193e-01  6.66904401e-05  1.18328219e+00  6.66904401e-05  0.00000000e+00  6.66904401e-05  1.79950049e+00  6.66904401e-05  5.95395821e-01  6.66904401e-05  1.18254641e+00  6.66904401e-05  1.19084940e+00                                 
 6.69536334e-05  6.69943306e-01  6.69536334e-05  5.96830847e-01  6.69536334e-05  1.19006522e+00  6.69536334e-05  0.00000000e+00  6.69536334e-05  1.80049915e+00  6.69536334e-05  5.95725003e-01  6.69536334e-05  1.19076215e+00  6.69536334e-05  1.19837855e+00                                 
 6.72899216e-05  6.69941756e-01  6.72899216e-05  5.96803165e-01  6.72899216e-05  1.19110828e+00  6.72899216e-05  0.00000000e+00  6.72899216e-05  1.79950064e+00  6.72899216e-05  5.95395744e-01  6.72899216e-05  1.19041155e+00  6.72899216e-05  1.19988389e+00                                 
 6.78747809e-05  6.69943306e-01  6.78747809e-05  5.96830865e-01  6.78747809e-05  1.19096218e+00  6.78747809e-05  0.00000000e+00  6.78747809e-05  1.80049894e+00  6.78747809e-05  5.95725290e-01  6.78747809e-05  1.19165593e+00  6.78747809e-05  1.19943233e+00                                 
 6.90444997e-05  6.69941756e-01  6.90444997e-05  5.96803155e-01  6.90444997e-05  1.19110304e+00  6.90444997e-05  0.00000000e+00  6.90444997e-05  1.79950075e+00  6.90444997e-05  5.95395608e-01  6.90444997e-05  1.19040841e+00  6.90444997e-05  1.19986635e+00                                 
 7.02444997e-05  6.69943306e-01  7.02444997e-05  5.96830873e-01  7.02444997e-05  1.19096370e+00  7.02444997e-05  0.00000000e+00  7.02444997e-05  1.80049887e+00  7.02444997e-05  5.95725378e-01  7.02444997e-05  1.19165607e+00  7.02444997e-05  1.19944122e+00                                 
 7.14444997e-05  6.69941757e-01  7.14444997e-05  5.96803148e-01  7.14444997e-05  1.19110278e+00  7.14444997e-05  0.00000000e+00  7.14444997e-05  1.79950082e+00  7.14444997e-05  5.95395523e-01  7.14444997e-05  1.19040952e+00  7.14444997e-05  1.19986294e+00                                 
 7.20000000e-05  6.69943306e-01  7.20000000e-05  5.96830884e-01  7.20000000e-05  1.19096428e+00  7.20000000e-05  0.00000000e+00  7.20000000e-05  1.80049876e+00  7.20000000e-05  5.95725511e-01  7.20000000e-05  1.19165448e+00  7.20000000e-05  1.19944962e+00                                 
 7.20001000e-05  6.69967759e-01  7.20001000e-05  5.96986758e-01  7.20001000e-05  1.19232765e+00  7.20001000e-05  1.80000000e-01  7.20001000e-05  1.80026731e+00  7.20001000e-05  5.97016977e-01  7.20001000e-05  1.19266917e+00  7.20001000e-05  1.19950083e+00                                 
 7.20003000e-05  6.69949710e-01  7.20003000e-05  5.97005282e-01  7.20003000e-05  1.19206388e+00  7.20003000e-05  5.40000000e-01  7.20003000e-05  1.79988147e+00  7.20003000e-05  5.97320480e-01  7.20003000e-05  1.19269507e+00  7.20003000e-05  1.19954072e+00                                 
 7.20006237e-05  6.69883992e-01  7.20006237e-05  5.96394691e-01  7.20006237e-05  1.18929595e+00  7.20006237e-05  1.12274444e+00  7.20006237e-05  1.80154753e+00  7.20006237e-05  5.92212464e-01  7.20006237e-05  1.18993053e+00  7.20006237e-05  1.19957004e+00                                 
 7.20009537e-05  6.70296962e-01  7.20009537e-05  5.96967328e-01  7.20009537e-05  1.17640425e+00  7.20009537e-05  1.71670640e+00  7.20009537e-05  1.46629583e-01  7.20009537e-05  5.96032211e-01  7.20009537e-05  1.19153879e+00  7.20009537e-05  1.19962293e+00                                 
 7.20010000e-05  6.70609358e-01  7.20010000e-05  5.97249691e-01  7.20010000e-05  1.17135473e+00  7.20010000e-05  1.80000000e+00  7.20010000e-05 -1.95359215e-02  7.20010000e-05  5.98880073e-01  7.20010000e-05  1.19262609e+00  7.20010000e-05  1.19963226e+00                                 
 7.20010163e-05  6.70667507e-01  7.20010163e-05  5.97176045e-01  7.20010163e-05  1.16937520e+00  7.20010163e-05  1.80000000e+00  7.20010163e-05 -7.52627687e-03  7.20010163e-05  5.98345305e-01  7.20010163e-05  1.19244201e+00  7.20010163e-05  1.19961927e+00                                 
 7.20010490e-05  6.70746133e-01  7.20010490e-05  5.97028719e-01  7.20010490e-05  1.16647341e+00  7.20010490e-05  1.80000000e+00  7.20010490e-05  2.03499038e-03  7.20010490e-05  5.97050617e-01  7.20010490e-05  1.19160123e+00  7.20010490e-05  1.19959537e+00                                 
 7.20011143e-05  6.70829075e-01  7.20011143e-05  5.96877995e-01  7.20011143e-05  1.16468951e+00  7.20011143e-05  1.80000000e+00  7.20011143e-05 -5.00409991e-04  7.20011143e-05  5.95742768e-01  7.20011143e-05  1.19049873e+00  7.20011143e-05  1.19960155e+00                                 
 7.20012450e-05  6.70865022e-01  7.20012450e-05  5.96852929e-01  7.20012450e-05  1.16445546e+00  7.20012450e-05  1.80000000e+00  7.20012450e-05  6.05577784e-04  7.20012450e-05  5.95798362e-01  7.20012450e-05  1.19055629e+00  7.20012450e-05  1.19961961e+00                                 
 7.20014717e-05  6.70710014e-01  7.20014717e-05  5.96826179e-01  7.20014717e-05  1.16480634e+00  7.20014717e-05  1.80000000e+00  7.20014717e-05 -4.77203529e-04  7.20014717e-05  5.95652177e-01  7.20014717e-05  1.19041459e+00  7.20014717e-05  1.19962027e+00                                 
 7.20017458e-05  6.70469455e-01  7.20017458e-05  5.96821562e-01  7.20017458e-05  1.16555834e+00  7.20017458e-05  1.80000000e+00  7.20017458e-05  3.47496768e-04  7.20017458e-05  5.95702124e-01  7.20017458e-05  1.19046899e+00  7.20017458e-05  1.19963264e+00                                 
 7.20021847e-05  6.70160178e-01  7.20021847e-05  5.96816016e-01  7.20021847e-05  1.16534521e+00  7.20021847e-05  1.80000000e+00  7.20021847e-05 -3.74452106e-04  7.20021847e-05  5.95628229e-01  7.20021847e-05  1.19039541e+00  7.20021847e-05  1.19962588e+00                                 
 7.20029335e-05  6.69892896e-01  7.20029335e-05  5.96816663e-01  7.20029335e-05  1.16303206e+00  7.20029335e-05  1.80000000e+00  7.20029335e-05  3.07518452e-04  7.20029335e-05  5.95664602e-01  7.20029335e-05  1.19043709e+00  7.20029335e-05  1.19962270e+00                                 
 7.20044311e-05  6.69747195e-01  7.20044311e-05  5.96812055e-01  7.20044311e-05  1.15426392e+00  7.20044311e-05  1.80000000e+00  7.20044311e-05 -3.25172739e-04  7.20044311e-05  5.95574344e-01  7.20044311e-05  1.19035116e+00  7.20044311e-05  1.19958242e+00                                 
 7.20071308e-05  6.69806165e-01  7.20071308e-05  5.96814689e-01  7.20071308e-05  1.13421665e+00  7.20071308e-05  1.80000000e+00  7.20071308e-05  3.11598202e-04  7.20071308e-05  5.95594421e-01  7.20071308e-05  1.19037661e+00  7.20071308e-05  1.19951840e+00                                 
 7.20113021e-05  6.69893635e-01  7.20113021e-05  5.96814394e-01  7.20113021e-05  1.09844716e+00  7.20113021e-05  1.80000000e+00  7.20113021e-05 -3.07299396e-04  7.20113021e-05  5.95522313e-01  7.20113021e-05  1.19030215e+00  7.20113021e-05  1.19941156e+00                                 
 7.20159023e-05  6.69941893e-01  7.20159023e-05  5.96817856e-01  7.20159023e-05  1.05566682e+00  7.20159023e-05  1.80000000e+00  7.20159023e-05  3.09908428e-04  7.20159023e-05  5.95572808e-01  7.20159023e-05  1.19035093e+00  7.20159023e-05  1.19932436e+00                                 
 7.20208655e-05  6.69948049e-01  7.20208655e-05  5.96816065e-01  7.20208655e-05  1.00818642e+00  7.20208655e-05  1.80000000e+00  7.20208655e-05 -2.99731607e-04  7.20208655e-05  5.95522422e-01  7.20208655e-05  1.19029585e+00  7.20208655e-05  1.19923651e+00                                 
 7.20271504e-05  6.69953911e-01  7.20271504e-05  5.96817947e-01  7.20271504e-05  9.48031520e-01  7.20271504e-05  1.80000000e+00  7.20271504e-05  3.06281451e-04  7.20271504e-05  5.95572704e-01  7.20271504e-05  1.19034516e+00  7.20271504e-05  1.19916272e+00                                 
 7.20363390e-05  6.69947060e-01  7.20363390e-05  5.96815758e-01  7.20363390e-05  8.60715854e-01  7.20363390e-05  1.80000000e+00  7.20363390e-05 -2.94879160e-04  7.20363390e-05  5.95515878e-01  7.20363390e-05  1.19028502e+00  7.20363390e-05  1.19907292e+00                                 
 7.20489667e-05  6.69950857e-01  7.20489667e-05  5.96818442e-01  7.20489667e-05  7.45888916e-01  7.20489667e-05  1.80000000e+00  7.20489667e-05  3.06858568e-04  7.20489667e-05  5.95573979e-01  7.20489667e-05  1.19034142e+00  7.20489667e-05  1.19900876e+00                                 
 7.20621352e-05  6.69942390e-01  7.20621352e-05  5.96816374e-01  7.20621352e-05  6.54362473e-01  7.20621352e-05  1.80000000e+00  7.20621352e-05 -2.86488944e-04  7.20621352e-05  5.95536912e-01  7.20621352e-05  1.19029967e+00  7.20621352e-05  1.19896668e+00                                 
 7.20797190e-05  6.69945960e-01  7.20797190e-05  5.96818064e-01  7.20797190e-05  6.07395730e-01  7.20797190e-05  1.80000000e+00  7.20797190e-05  3.13755324e-04  7.20797190e-05  5.95595138e-01  7.20797190e-05  1.19035770e+00  7.20797190e-05  1.19895487e+00                                 
 7.20964425e-05  6.69935218e-01  7.20964425e-05  5.96815747e-01  7.20964425e-05  5.98904972e-01  7.20964425e-05  1.80000000e+00  7.20964425e-05 -2.81878372e-04  7.20964425e-05  5.95537314e-01  7.20964425e-05  1.19029893e+00  7.20964425e-05  1.19894190e+00                                 
 7.21127029e-05  6.69947486e-01  7.21127029e-05  5.96818152e-01  7.21127029e-05  5.95219824e-01  7.21127029e-05  1.80000000e+00  7.21127029e-05  3.12785124e-04  7.21127029e-05  5.95587676e-01  7.21127029e-05  1.19035037e+00  7.21127029e-05  1.19894302e+00                                 
 7.21290425e-05  6.69937981e-01  7.21290425e-05  5.96815874e-01  7.21290425e-05  5.94981398e-01  7.21290425e-05  1.80000000e+00  7.21290425e-05 -2.80008599e-04  7.21290425e-05  5.95535432e-01  7.21290425e-05  1.19029639e+00  7.21290425e-05  1.19893390e+00                                 
 7.21617218e-05  6.69946475e-01  7.21617218e-05  5.96818126e-01  7.21617218e-05  5.94057621e-01  7.21617218e-05  1.80000000e+00  7.21617218e-05  3.11600226e-04  7.21617218e-05  5.95586043e-01  7.21617218e-05  1.19034765e+00  7.21617218e-05  1.19893680e+00                                 
 7.22040310e-05  6.69938917e-01  7.22040310e-05  5.96815914e-01  7.22040310e-05  5.94508352e-01  7.22040310e-05  1.80000000e+00  7.22040310e-05 -2.79250388e-04  7.22040310e-05  5.95535002e-01  7.22040310e-05  1.19029415e+00  7.22040310e-05  1.19892905e+00                                 
 7.22886494e-05  6.69945992e-01  7.22886494e-05  5.96818111e-01  7.22886494e-05  5.94096584e-01  7.22886494e-05  1.80000000e+00  7.22886494e-05  3.11120194e-04  7.22886494e-05  5.95585979e-01  7.22886494e-05  1.19034451e+00  7.22886494e-05  1.19893310e+00                                 
 7.24522618e-05  6.69939147e-01  7.24522618e-05  5.96815921e-01  7.24522618e-05  5.94491198e-01  7.24522618e-05  1.80000000e+00  7.24522618e-05 -2.79008487e-04  7.24522618e-05  5.95535022e-01  7.24522618e-05  1.19028817e+00  7.24522618e-05  1.19892304e+00                                 
 7.27373675e-05  6.69945871e-01  7.27373675e-05  5.96818107e-01  7.27373675e-05  5.94105527e-01  7.27373675e-05  1.80000000e+00  7.27373675e-05  3.10990576e-04  7.27373675e-05  5.95585970e-01  7.27373675e-05  1.19033365e+00  7.27373675e-05  1.19892225e+00                                 
 7.33075787e-05  6.69939212e-01  7.33075787e-05  5.96815923e-01  7.33075787e-05  5.94487152e-01  7.33075787e-05  1.80000000e+00  7.33075787e-05 -2.78937674e-04  7.33075787e-05  5.95535027e-01  7.33075787e-05  1.19026749e+00  7.33075787e-05  1.19890234e+00                                 
 7.44480013e-05  6.69945840e-01  7.44480013e-05  5.96818106e-01  7.44480013e-05  5.94106745e-01  7.44480013e-05  1.80000000e+00  7.44480013e-05  3.10955172e-04  7.44480013e-05  5.95585968e-01  7.44480013e-05  1.19029225e+00  7.44480013e-05  1.19888083e+00                                 
 7.56480013e-05  6.69939233e-01  7.56480013e-05  5.96815923e-01  7.56480013e-05  5.94486572e-01  7.56480013e-05  1.80000000e+00  7.56480013e-05 -2.78914666e-04  7.56480013e-05  5.95535028e-01  7.56480013e-05  1.19021087e+00  7.56480013e-05  1.19884570e+00                                 
 7.68480013e-05  6.69945820e-01  7.68480013e-05  5.96818105e-01  7.68480013e-05  5.94109905e-01  7.68480013e-05  1.80000000e+00  7.68480013e-05  3.10932749e-04  7.68480013e-05  5.95585967e-01  7.68480013e-05  1.19023427e+00  7.68480013e-05  1.19882283e+00                                 
 7.80010000e-05  6.69939253e-01  7.80010000e-05  5.96815924e-01  7.80010000e-05  5.94485221e-01  7.80010000e-05  1.80000000e+00  7.80010000e-05 -2.78891801e-04  7.80010000e-05  5.95535029e-01  7.80010000e-05  1.19015405e+00  7.80010000e-05  1.19878885e+00                                 
 7.80011000e-05  6.69889625e-01  7.80011000e-05  5.96580355e-01  7.80011000e-05  5.92806989e-01  7.80011000e-05  1.62000000e+00  7.80011000e-05 -1.18618291e-04  7.80011000e-05  5.94064542e-01  7.80011000e-05  1.18891200e+00  7.80011000e-05  1.19878212e+00                                 
 7.80013000e-05  6.69924383e-01  7.80013000e-05  5.96571314e-01  7.80013000e-05  5.92653382e-01  7.80013000e-05  1.26000000e+00  7.80013000e-05  3.06690813e-05  7.80013000e-05  5.93692059e-01  7.80013000e-05  1.18860156e+00  7.80013000e-05  1.19879618e+00                                 
 7.80016448e-05  6.69995413e-01  7.80016448e-05  5.96767642e-01  7.80016448e-05  5.94613782e-01  7.80016448e-05  6.39332591e-01  7.80016448e-05  2.29801952e-02  7.80016448e-05  5.93829947e-01  7.80016448e-05  1.18522186e+00  7.80016448e-05  1.19877211e+00                                 
 7.80020000e-05  6.69922427e-01  7.80020000e-05  5.96083581e-01  7.80020000e-05  6.19544864e-01  7.80020000e-05  0.00000000e+00  7.80020000e-05  1.61700900e+00  7.80020000e-05  5.87157318e-01  7.80020000e-05  1.02614341e+00  7.80020000e-05  1.19827261e+00                                 
 7.80020464e-05  6.69939810e-01  7.80020464e-05  5.95405841e-01  7.80020464e-05  6.28120514e-01  7.80020464e-05  0.00000000e+00  7.80020464e-05  1.73398394e+00  7.80020464e-05  5.79446995e-01  7.80020464e-05  9.60927208e-01  7.80020464e-05  1.19811334e+00                                 
 7.80021393e-05  6.69944169e-01  7.80021393e-05  5.94492775e-01  7.80021393e-05  6.33062262e-01  7.80021393e-05  0.00000000e+00  7.80021393e-05  1.81454218e+00  7.80021393e-05  5.69050584e-01  7.80021393e-05  8.33954853e-01  7.80021393e-05  1.19838309e+00                                 
 7.80023031e-05  6.69939910e-01  7.80023031e-05  5.94871570e-01  7.80023031e-05  6.17982064e-01  7.80023031e-05  0.00000000e+00  7.80023031e-05  1.78867756e+00  7.80023031e-05  5.73540851e-01  7.80023031e-05  6.87759329e-01  7.80023031e-05  1.19913039e+00                                 
 7.80024730e-05  6.69942508e-01  7.80024730e-05  5.95832754e-01  7.80024730e-05  6.05908257e-01  7.80024730e-05  0.00000000e+00  7.80024730e-05  1.80541392e+00  7.80024730e-05  5.84023147e-01  7.80024730e-05  6.30450481e-01  7.80024730e-05  1.19914826e+00                                 
 7.80026140e-05  6.69939944e-01  7.80026140e-05  5.96311619e-01  7.80026140e-05  6.00448676e-01  7.80026140e-05  0.00000000e+00  7.80026140e-05  1.79731286e+00  7.80026140e-05  5.88516548e-01  7.80026140e-05  6.10849522e-01  7.80026140e-05  1.19892868e+00                                 
 7.80027989e-05  6.69942390e-01  7.80027989e-05  5.96794644e-01  7.80027989e-05  5.97015772e-01  7.80027989e-05  0.00000000e+00  7.80027989e-05  1.80167691e+00  7.80027989e-05  5.93132552e-01  7.80027989e-05  6.01422767e-01  7.80027989e-05  1.19802607e+00                                 
 7.80030246e-05  6.69940608e-01  7.80030246e-05  5.96991763e-01  7.80030246e-05  5.95722134e-01  7.80030246e-05  0.00000000e+00  7.80030246e-05  1.79897729e+00  7.80030246e-05  5.94661627e-01  7.80030246e-05  5.96650401e-01  7.80030246e-05  1.19670858e+00                                 
 7.80033676e-05  6.69942754e-01  7.80033676e-05  5.97144861e-01  7.80033676e-05  5.95598552e-01  7.80033676e-05  0.00000000e+00  7.80033676e-05  1.80082221e+00  7.80033676e-05  5.96176786e-01  7.80033676e-05  5.95888549e-01  7.80033676e-05  1.19422320e+00                                 
 7.80038492e-05  6.69941290e-01  7.80038492e-05  5.97119321e-01  7.80038492e-05  5.96804565e-01  7.80038492e-05  0.00000000e+00  7.80038492e-05  1.79935235e+00  7.80038492e-05  5.96104681e-01  7.80038492e-05  5.96337446e-01  7.80038492e-05  1.19050465e+00                                 
 7.80046572e-05  6.69943158e-01  7.80046572e-05  5.97109325e-01  7.80046572e-05  5.99041645e-01  7.80046572e-05  0.00000000e+00  7.80046572e-05  1.80060253e+00  7.80046572e-05  5.96577370e-01  7.80046572e-05  5.99000102e-01  7.80046572e-05  1.18374703e+00                                 
 7.80061050e-05  6.69941667e-01  7.80061050e-05  5.97007891e-01  7.80061050e-05  6.03572913e-01  7.80061050e-05  0.00000000e+00  7.80061050e-05  1.79946152e+00  7.80061050e-05  5.96272980e-01  7.80061050e-05  6.03054483e-01  7.80061050e-05  1.17101422e+00                                 
 7.80090007e-05  6.69943306e-01  7.80090007e-05  5.96913721e-01  7.80090007e-05  6.12338512e-01  7.80090007e-05  0.00000000e+00  7.80090007e-05  1.80054693e+00  7.80090007e-05  5.96499790e-01  7.80090007e-05  6.12253795e-01  7.80090007e-05  1.14436494e+00                                 
 7.80144344e-05  6.69941738e-01  7.80144344e-05  5.96795468e-01  7.80144344e-05  6.28711778e-01  7.80144344e-05  0.00000000e+00  7.80144344e-05  1.79948755e+00  7.80144344e-05  5.95977168e-01  7.80144344e-05  6.28139535e-01  7.80144344e-05  1.09348408e+00                                 
 7.80239444e-05  6.69943309e-01  7.80239444e-05  5.96819843e-01  7.80239444e-05  6.56141658e-01  7.80239444e-05  0.00000000e+00  7.80239444e-05  1.80053188e+00  7.80239444e-05  5.96031668e-01  7.80239444e-05  6.56007292e-01  7.80239444e-05  1.00346677e+00                                 
 7.80390197e-05  6.69941747e-01  7.80390197e-05  5.96800408e-01  7.80390197e-05  6.97522582e-01  7.80390197e-05  0.00000000e+00  7.80390197e-05  1.79949460e+00  7.80390197e-05  5.95509019e-01  7.80390197e-05  6.96809530e-01  7.80390197e-05  8.67104390e-01                                 
 7.80543965e-05  6.69943311e-01  7.80543965e-05  5.96829088e-01  7.80543965e-05  7.36659659e-01  7.80543965e-05  0.00000000e+00  7.80543965e-05  1.80052393e+00  7.80543965e-05  5.95749614e-01  7.80543965e-05  7.36548159e-01  7.80543965e-05  7.79404769e-01                                 
 7.80717629e-05  6.69941751e-01  7.80717629e-05  5.96803271e-01  7.80717629e-05  7.77785401e-01  7.80717629e-05  0.00000000e+00  7.80717629e-05  1.79949856e+00  7.80717629e-05  5.95404064e-01  7.80717629e-05  7.76990814e-01  7.80717629e-05  7.62818306e-01                                 
 7.80869078e-05  6.69943309e-01  7.80869078e-05  5.96830359e-01  7.80869078e-05  8.10722899e-01  7.80869078e-05  0.00000000e+00  7.80869078e-05  1.80051642e+00  7.80869078e-05  5.95713669e-01  7.80869078e-05  8.10692795e-01  7.80869078e-05  7.86457249e-01                                 
 7.81034427e-05  6.69941754e-01  7.81034427e-05  5.96803460e-01  7.81034427e-05  8.44197750e-01  7.81034427e-05  0.00000000e+00  7.81034427e-05  1.79950271e+00  7.81034427e-05  5.95392313e-01  7.81034427e-05  8.43232486e-01  7.81034427e-05  8.19418289e-01                                 
 7.81214369e-05  6.69943307e-01  7.81214369e-05  5.96830632e-01  7.81214369e-05  8.77348342e-01  7.81214369e-05  0.00000000e+00  7.81214369e-05  1.80050952e+00  7.81214369e-05  5.95712875e-01  7.81214369e-05  8.77368701e-01  7.81214369e-05  8.53396236e-01                                 
 7.81490114e-05  6.69941755e-01  7.81490114e-05  5.96803325e-01  7.81490114e-05  9.22838691e-01  7.81490114e-05  0.00000000e+00  7.81490114e-05  1.79950476e+00  7.81490114e-05  5.95389987e-01  7.81490114e-05  9.21555866e-01  7.81490114e-05  9.01114193e-01                                 
 7.82041604e-05  6.69943306e-01  7.82041604e-05  5.96830773e-01  7.82041604e-05  9.95964549e-01  7.82041604e-05  0.00000000e+00  7.82041604e-05  1.80050413e+00  7.82041604e-05  5.95717209e-01  7.82041604e-05  9.96275031e-01  7.82041604e-05  9.78929815e-01                                 
 7.83144585e-05  6.69941756e-01  7.83144585e-05  5.96803239e-01  7.83144585e-05  1.09106571e+00  7.83144585e-05  0.00000000e+00  7.83144585e-05  1.79950174e+00  7.83144585e-05  5.95393114e-01  7.83144585e-05  1.08984577e+00  7.83144585e-05  1.08446931e+00                                 
 7.84903021e-05  6.69943306e-01  7.84903021e-05  5.96830816e-01  7.84903021e-05  1.15957446e+00  7.84903021e-05  0.00000000e+00  7.84903021e-05  1.80050001e+00  7.84903021e-05  5.95723324e-01  7.84903021e-05  1.16025131e+00  7.84903021e-05  1.16319823e+00                                 
 7.86904401e-05  6.69941756e-01  7.86904401e-05  5.96803192e-01  7.86904401e-05  1.18328219e+00  7.86904401e-05  0.00000000e+00  7.86904401e-05  1.79950049e+00  7.86904401e-05  5.95395820e-01  7.86904401e-05  1.18254641e+00  7.86904401e-05  1.19084940e+00                                 
 7.89536334e-05  6.69943306e-01  7.89536334e-05  5.96830847e-01  7.89536334e-05  1.19006522e+00  7.89536334e-05  0.00000000e+00  7.89536334e-05  1.80049915e+00  7.89536334e-05  5.95725002e-01  7.89536334e-05  1.19076215e+00  7.89536334e-05  1.19837856e+00                                 
 7.92899215e-05  6.69941756e-01  7.92899215e-05  5.96803165e-01  7.92899215e-05  1.19110828e+00  7.92899215e-05  0.00000000e+00  7.92899215e-05  1.79950064e+00  7.92899215e-05  5.95395744e-01  7.92899215e-05  1.19041155e+00  7.92899215e-05  1.19988389e+00                                 
 7.98747808e-05  6.69943306e-01  7.98747808e-05  5.96830866e-01  7.98747808e-05  1.19096215e+00  7.98747808e-05  0.00000000e+00  7.98747808e-05  1.80049894e+00  7.98747808e-05  5.95725290e-01  7.98747808e-05  1.19165591e+00  7.98747808e-05  1.19943231e+00                                 
 8.10444994e-05  6.69941756e-01  8.10444994e-05  5.96803155e-01  8.10444994e-05  1.19110297e+00  8.10444994e-05  0.00000000e+00  8.10444994e-05  1.79950075e+00  8.10444994e-05  5.95395608e-01  8.10444994e-05  1.19040834e+00  8.10444994e-05  1.19986628e+00                                 
 8.22444994e-05  6.69943306e-01  8.22444994e-05  5.96830873e-01  8.22444994e-05  1.19096358e+00  8.22444994e-05  0.00000000e+00  8.22444994e-05  1.80049887e+00  8.22444994e-05  5.95725378e-01  8.22444994e-05  1.19165595e+00  8.22444994e-05  1.19944110e+00                                 
 8.34444994e-05  6.69941757e-01  8.34444994e-05  5.96803148e-01  8.34444994e-05  1.19110264e+00  8.34444994e-05  0.00000000e+00  8.34444994e-05  1.79950082e+00  8.34444994e-05  5.95395523e-01  8.34444994e-05  1.19040938e+00  8.34444994e-05  1.19986280e+00                                 
 8.40000000e-05  6.69943306e-01  8.40000000e-05  5.96830884e-01  8.40000000e-05  1.19096413e+00  8.40000000e-05  0.00000000e+00  8.40000000e-05  1.80049876e+00  8.40000000e-05  5.95725511e-01  8.40000000e-05  1.19165433e+00  8.40000000e-05  1.19944948e+00                                 
 8.40001000e-05  6.69967759e-01  8.40001000e-05  5.96986758e-01  8.40001000e-05  1.19232751e+00  8.40001000e-05  1.80000000e-01  8.40001000e-05  1.80026731e+00  8.40001000e-05  5.97016977e-01  8.40001000e-05  1.19266902e+00  8.40001000e-05  1.19950068e+00                                 
 8.40003000e-05  6.69949710e-01  8.40003000e-05  5.97005282e-01  8.40003000e-05  1.19206373e+00  8.40003000e-05  5.40000000e-01  8.40003000e-05  1.79988147e+00  8.40003000e-05  5.97320480e-01  8.40003000e-05  1.19269493e+00  8.40003000e-05  1.19954057e+00                                 
 8.40006237e-05  6.69883992e-01  8.40006237e-05  5.96394691e-01  8.40006237e-05  1.18929580e+00  8.40006237e-05  1.12274444e+00  8.40006237e-05  1.80154753e+00  8.40006237e-05  5.92212464e-01  8.40006237e-05  1.18993039e+00  8.40006237e-05  1.19956989e+00                                 
 8.40009537e-05  6.70296962e-01  8.40009537e-05  5.96967328e-01  8.40009537e-05  1.17640411e+00  8.40009537e-05  1.71670641e+00  8.40009537e-05  1.46629578e-01  8.40009537e-05  5.96032211e-01  8.40009537e-05  1.19153864e+00  8.40009537e-05  1.19962278e+00                                 
 8.40010000e-05  6.70609358e-01  8.40010000e-05  5.97249691e-01  8.40010000e-05  1.17135459e+00  8.40010000e-05  1.80000000e+00  8.40010000e-05 -1.95359158e-02  8.40010000e-05  5.98880073e-01  8.40010000e-05  1.19262594e+00  8.40010000e-05  1.19963211e+00                                 
 8.40010163e-05  6.70667507e-01  8.40010163e-05  5.97176046e-01  8.40010163e-05  1.16937506e+00  8.40010163e-05  1.80000000e+00  8.40010163e-05 -7.52627418e-03  8.40010163e-05  5.98345305e-01  8.40010163e-05  1.19244187e+00  8.40010163e-05  1.19961912e+00                                 
 8.40010490e-05  6.70746133e-01  8.40010490e-05  5.97028719e-01  8.40010490e-05  1.16647327e+00  8.40010490e-05  1.80000000e+00  8.40010490e-05  2.03499019e-03  8.40010490e-05  5.97050616e-01  8.40010490e-05  1.19160109e+00  8.40010490e-05  1.19959522e+00                                 
 8.40011143e-05  6.70829075e-01  8.40011143e-05  5.96877995e-01  8.40011143e-05  1.16468937e+00  8.40011143e-05  1.80000000e+00  8.40011143e-05 -5.00409995e-04  8.40011143e-05  5.95742768e-01  8.40011143e-05  1.19049858e+00  8.40011143e-05  1.19960140e+00                                 
 8.40012450e-05  6.70865022e-01  8.40012450e-05  5.96852929e-01  8.40012450e-05  1.16445532e+00  8.40012450e-05  1.80000000e+00  8.40012450e-05  6.05577714e-04  8.40012450e-05  5.95798361e-01  8.40012450e-05  1.19055615e+00  8.40012450e-05  1.19961947e+00                                 
 8.40014717e-05  6.70710014e-01  8.40014717e-05  5.96826179e-01  8.40014717e-05  1.16480620e+00  8.40014717e-05  1.80000000e+00  8.40014717e-05 -4.77203476e-04  8.40014717e-05  5.95652177e-01  8.40014717e-05  1.19041445e+00  8.40014717e-05  1.19962012e+00                                 
 8.40017458e-05  6.70469456e-01  8.40017458e-05  5.96821562e-01  8.40017458e-05  1.16555820e+00  8.40017458e-05  1.80000000e+00  8.40017458e-05  3.47496738e-04  8.40017458e-05  5.95702124e-01  8.40017458e-05  1.19046885e+00  8.40017458e-05  1.19963250e+00                                 
 8.40021847e-05  6.70160178e-01  8.40021847e-05  5.96816016e-01  8.40021847e-05  1.16534507e+00  8.40021847e-05  1.80000000e+00  8.40021847e-05 -3.74452056e-04  8.40021847e-05  5.95628229e-01  8.40021847e-05  1.19039527e+00  8.40021847e-05  1.19962574e+00                                 
 8.40029335e-05  6.69892896e-01  8.40029335e-05  5.96816663e-01  8.40029335e-05  1.16303192e+00  8.40029335e-05  1.80000000e+00  8.40029335e-05  3.07518419e-04  8.40029335e-05  5.95664602e-01  8.40029335e-05  1.19043694e+00  8.40029335e-05  1.19962255e+00                                 
 8.40044311e-05  6.69747195e-01  8.40044311e-05  5.96812055e-01  8.40044311e-05  1.15426378e+00  8.40044311e-05  1.80000000e+00  8.40044311e-05 -3.25172698e-04  8.40044311e-05  5.95574344e-01  8.40044311e-05  1.19035102e+00  8.40044311e-05  1.19958227e+00                                 
 8.40071308e-05  6.69806166e-01  8.40071308e-05  5.96814690e-01  8.40071308e-05  1.13421651e+00  8.40071308e-05  1.80000000e+00  8.40071308e-05  3.11598169e-04  8.40071308e-05  5.95594421e-01  8.40071308e-05  1.19037647e+00  8.40071308e-05  1.19951825e+00                                 
 8.40113021e-05  6.69893635e-01  8.40113021e-05  5.96814394e-01  8.40113021e-05  1.09844701e+00  8.40113021e-05  1.80000000e+00  8.40113021e-05 -3.07299358e-04  8.40113021e-05  5.95522313e-01  8.40113021e-05  1.19030201e+00  8.40113021e-05  1.19941141e+00                                 
 8.40159023e-05  6.69941893e-01  8.40159023e-05  5.96817856e-01  8.40159023e-05  1.05566666e+00  8.40159023e-05  1.80000000e+00  8.40159023e-05  3.09908394e-04  8.40159023e-05  5.95572808e-01  8.40159023e-05  1.19035079e+00  8.40159023e-05  1.19932422e+00                                 
 8.40208655e-05  6.69948049e-01  8.40208655e-05  5.96816065e-01  8.40208655e-05  1.00818626e+00  8.40208655e-05  1.80000000e+00  8.40208655e-05 -2.99731572e-04  8.40208655e-05  5.95522422e-01  8.40208655e-05  1.19029571e+00  8.40208655e-05  1.19923636e+00                                 
 8.40271504e-05  6.69953911e-01  8.40271504e-05  5.96817947e-01  8.40271504e-05  9.48031334e-01  8.40271504e-05  1.80000000e+00  8.40271504e-05  3.06281419e-04  8.40271504e-05  5.95572705e-01  8.40271504e-05  1.19034502e+00  8.40271504e-05  1.19916257e+00                                 
 8.40363390e-05  6.69947060e-01  8.40363390e-05  5.96815758e-01  8.40363390e-05  8.60715657e-01  8.40363390e-05  1.80000000e+00  8.40363390e-05 -2.94879125e-04  8.40363390e-05  5.95515878e-01  8.40363390e-05  1.19028488e+00  8.40363390e-05  1.19907277e+00                                 
 8.40489667e-05  6.69950857e-01  8.40489667e-05  5.96818442e-01  8.40489667e-05  7.45888805e-01  8.40489667e-05  1.80000000e+00  8.40489667e-05  3.06858537e-04  8.40489667e-05  5.95573979e-01  8.40489667e-05  1.19034127e+00  8.40489667e-05  1.19900861e+00                                 
 8.40621352e-05  6.69942390e-01  8.40621352e-05  5.96816374e-01  8.40621352e-05  6.54362388e-01  8.40621352e-05  1.80000000e+00  8.40621352e-05 -2.86488903e-04  8.40621352e-05  5.95536912e-01  8.40621352e-05  1.19029953e+00  8.40621352e-05  1.19896653e+00                                 
 8.40797190e-05  6.69945960e-01  8.40797190e-05  5.96818064e-01  8.40797190e-05  6.07395716e-01  8.40797190e-05  1.80000000e+00  8.40797190e-05  3.13755289e-04  8.40797190e-05  5.95595138e-01  8.40797190e-05  1.19035756e+00  8.40797190e-05  1.19895472e+00                                 
 8.40964425e-05  6.69935218e-01  8.40964425e-05  5.96815747e-01  8.40964425e-05  5.98904964e-01  8.40964425e-05  1.80000000e+00  8.40964425e-05 -2.81878337e-04  8.40964425e-05  5.95537314e-01  8.40964425e-05  1.19029879e+00  8.40964425e-05  1.19894176e+00                                 
 8.41127029e-05  6.69947486e-01  8.41127029e-05  5.96818152e-01  8.41127029e-05  5.95219824e-01  8.41127029e-05  1.80000000e+00  8.41127029e-05  3.12785089e-04  8.41127029e-05  5.95587676e-01  8.41127029e-05  1.19035023e+00  8.41127029e-05  1.19894287e+00                                 
 8.41290425e-05  6.69937981e-01  8.41290425e-05  5.96815874e-01  8.41290425e-05  5.94981396e-01  8.41290425e-05  1.80000000e+00  8.41290425e-05 -2.80008565e-04  8.41290425e-05  5.95535432e-01  8.41290425e-05  1.19029625e+00  8.41290425e-05  1.19893376e+00                                 
 8.41617219e-05  6.69946475e-01  8.41617219e-05  5.96818125e-01  8.41617219e-05  5.94057621e-01  8.41617219e-05  1.80000000e+00  8.41617219e-05  3.11600193e-04  8.41617219e-05  5.95586043e-01  8.41617219e-05  1.19034751e+00  8.41617219e-05  1.19893665e+00                                 
 8.42040311e-05  6.69938917e-01  8.42040311e-05  5.96815914e-01  8.42040311e-05  5.94508351e-01  8.42040311e-05  1.80000000e+00  8.42040311e-05 -2.79250354e-04  8.42040311e-05  5.95535002e-01  8.42040311e-05  1.19029401e+00  8.42040311e-05  1.19892890e+00                                 
 8.42886495e-05  6.69945992e-01  8.42886495e-05  5.96818110e-01  8.42886495e-05  5.94096584e-01  8.42886495e-05  1.80000000e+00  8.42886495e-05  3.11120161e-04  8.42886495e-05  5.95585979e-01  8.42886495e-05  1.19034436e+00  8.42886495e-05  1.19893295e+00                                 
 8.44522623e-05  6.69939148e-01  8.44522623e-05  5.96815921e-01  8.44522623e-05  5.94491197e-01  8.44522623e-05  1.80000000e+00  8.44522623e-05 -2.79008453e-04  8.44522623e-05  5.95535022e-01  8.44522623e-05  1.19028803e+00  8.44522623e-05  1.19892289e+00                                 
 8.47373690e-05  6.69945871e-01  8.47373690e-05  5.96818107e-01  8.47373690e-05  5.94105527e-01  8.47373690e-05  1.80000000e+00  8.47373690e-05  3.10990543e-04  8.47373690e-05  5.95585970e-01  8.47373690e-05  1.19033353e+00  8.47373690e-05  1.19892212e+00                                 
 8.53075823e-05  6.69939212e-01  8.53075823e-05  5.96815923e-01  8.53075823e-05  5.94487151e-01  8.53075823e-05  1.80000000e+00  8.53075823e-05 -2.78937641e-04  8.53075823e-05  5.95535027e-01  8.53075823e-05  1.19026737e+00  8.53075823e-05  1.19890222e+00                                 
 8.64480090e-05  6.69945839e-01  8.64480090e-05  5.96818106e-01  8.64480090e-05  5.94106746e-01  8.64480090e-05  1.80000000e+00  8.64480090e-05  3.10955139e-04  8.64480090e-05  5.95585968e-01  8.64480090e-05  1.19029218e+00  8.64480090e-05  1.19888075e+00                                 
 8.76480090e-05  6.69939233e-01  8.76480090e-05  5.96815923e-01  8.76480090e-05  5.94486571e-01  8.76480090e-05  1.80000000e+00  8.76480090e-05 -2.78914634e-04  8.76480090e-05  5.95535028e-01  8.76480090e-05  1.19021084e+00  8.76480090e-05  1.19884567e+00                                 
 8.88480090e-05  6.69945820e-01  8.88480090e-05  5.96818105e-01  8.88480090e-05  5.94109904e-01  8.88480090e-05  1.80000000e+00  8.88480090e-05  3.10932716e-04  8.88480090e-05  5.95585967e-01  8.88480090e-05  1.19023424e+00  8.88480090e-05  1.19882280e+00                                 
 9.00010000e-05  6.69939253e-01  9.00010000e-05  5.96815924e-01  9.00010000e-05  5.94485220e-01  9.00010000e-05  1.80000000e+00  9.00010000e-05 -2.78891768e-04  9.00010000e-05  5.95535029e-01  9.00010000e-05  1.19015404e+00  9.00010000e-05  1.19878884e+00                                 
 9.00011000e-05  6.69889625e-01  9.00011000e-05  5.96580355e-01  9.00011000e-05  5.92806988e-01  9.00011000e-05  1.62000000e+00  9.00011000e-05 -1.18618287e-04  9.00011000e-05  5.94064541e-01  9.00011000e-05  1.18891199e+00  9.00011000e-05  1.19878211e+00                                 
 9.00013000e-05  6.69924383e-01  9.00013000e-05  5.96571314e-01  9.00013000e-05  5.92653382e-01  9.00013000e-05  1.26000000e+00  9.00013000e-05  3.06690809e-05  9.00013000e-05  5.93692059e-01  9.00013000e-05  1.18860155e+00  9.00013000e-05  1.19879617e+00                                 
 9.00016448e-05  6.69995413e-01  9.00016448e-05  5.96767642e-01  9.00016448e-05  5.94613781e-01  9.00016448e-05  6.39332591e-01  9.00016448e-05  2.29801952e-02  9.00016448e-05  5.93829947e-01  9.00016448e-05  1.18522185e+00  9.00016448e-05  1.19877211e+00                                 
 9.00020000e-05  6.69922427e-01  9.00020000e-05  5.96083581e-01  9.00020000e-05  6.19544863e-01  9.00020000e-05  0.00000000e+00  9.00020000e-05  1.61700900e+00  9.00020000e-05  5.87157318e-01  9.00020000e-05  1.02614341e+00  9.00020000e-05  1.19827260e+00                                 
 9.00020464e-05  6.69939810e-01  9.00020464e-05  5.95405841e-01  9.00020464e-05  6.28120514e-01  9.00020464e-05  0.00000000e+00  9.00020464e-05  1.73398394e+00  9.00020464e-05  5.79446996e-01  9.00020464e-05  9.60927202e-01  9.00020464e-05  1.19811334e+00                                 
 9.00021393e-05  6.69944169e-01  9.00021393e-05  5.94492775e-01  9.00021393e-05  6.33062261e-01  9.00021393e-05  0.00000000e+00  9.00021393e-05  1.81454218e+00  9.00021393e-05  5.69050584e-01  9.00021393e-05  8.33954849e-01  9.00021393e-05  1.19838308e+00                                 
 9.00023031e-05  6.69939910e-01  9.00023031e-05  5.94871570e-01  9.00023031e-05  6.17982064e-01  9.00023031e-05  0.00000000e+00  9.00023031e-05  1.78867756e+00  9.00023031e-05  5.73540851e-01  9.00023031e-05  6.87759327e-01  9.00023031e-05  1.19913038e+00                                 
 9.00024730e-05  6.69942507e-01  9.00024730e-05  5.95832754e-01  9.00024730e-05  6.05908257e-01  9.00024730e-05  0.00000000e+00  9.00024730e-05  1.80541392e+00  9.00024730e-05  5.84023147e-01  9.00024730e-05  6.30450480e-01  9.00024730e-05  1.19914825e+00                                 
 9.00026140e-05  6.69939943e-01  9.00026140e-05  5.96311619e-01  9.00026140e-05  6.00448676e-01  9.00026140e-05  0.00000000e+00  9.00026140e-05  1.79731286e+00  9.00026140e-05  5.88516548e-01  9.00026140e-05  6.10849522e-01  9.00026140e-05  1.19892867e+00                                 
 9.00027989e-05  6.69942389e-01  9.00027989e-05  5.96794644e-01  9.00027989e-05  5.97015772e-01  9.00027989e-05  0.00000000e+00  9.00027989e-05  1.80167691e+00  9.00027989e-05  5.93132552e-01  9.00027989e-05  6.01422767e-01  9.00027989e-05  1.19802606e+00                                 
 9.00030246e-05  6.69940608e-01  9.00030246e-05  5.96991763e-01  9.00030246e-05  5.95722134e-01  9.00030246e-05  0.00000000e+00  9.00030246e-05  1.79897729e+00  9.00030246e-05  5.94661627e-01  9.00030246e-05  5.96650401e-01  9.00030246e-05  1.19670857e+00                                 
 9.00033676e-05  6.69942754e-01  9.00033676e-05  5.97144861e-01  9.00033676e-05  5.95598552e-01  9.00033676e-05  0.00000000e+00  9.00033676e-05  1.80082221e+00  9.00033676e-05  5.96176786e-01  9.00033676e-05  5.95888549e-01  9.00033676e-05  1.19422319e+00                                 
 9.00038492e-05  6.69941290e-01  9.00038492e-05  5.97119321e-01  9.00038492e-05  5.96804565e-01  9.00038492e-05  0.00000000e+00  9.00038492e-05  1.79935235e+00  9.00038492e-05  5.96104681e-01  9.00038492e-05  5.96337446e-01  9.00038492e-05  1.19050464e+00                                 
 9.00046572e-05  6.69943158e-01  9.00046572e-05  5.97109325e-01  9.00046572e-05  5.99041644e-01  9.00046572e-05  0.00000000e+00  9.00046572e-05  1.80060253e+00  9.00046572e-05  5.96577369e-01  9.00046572e-05  5.99000102e-01  9.00046572e-05  1.18374702e+00                                 
 9.00061050e-05  6.69941667e-01  9.00061050e-05  5.97007891e-01  9.00061050e-05  6.03572913e-01  9.00061050e-05  0.00000000e+00  9.00061050e-05  1.79946152e+00  9.00061050e-05  5.96272980e-01  9.00061050e-05  6.03054483e-01  9.00061050e-05  1.17101421e+00                                 
 9.00090007e-05  6.69943307e-01  9.00090007e-05  5.96913721e-01  9.00090007e-05  6.12338512e-01  9.00090007e-05  0.00000000e+00  9.00090007e-05  1.80054693e+00  9.00090007e-05  5.96499790e-01  9.00090007e-05  6.12253794e-01  9.00090007e-05  1.14436493e+00                                 
 9.00144344e-05  6.69941738e-01  9.00144344e-05  5.96795468e-01  9.00144344e-05  6.28711777e-01  9.00144344e-05  0.00000000e+00  9.00144344e-05  1.79948755e+00  9.00144344e-05  5.95977168e-01  9.00144344e-05  6.28139535e-01  9.00144344e-05  1.09348408e+00                                 
 9.00239444e-05  6.69943309e-01  9.00239444e-05  5.96819843e-01  9.00239444e-05  6.56141658e-01  9.00239444e-05  0.00000000e+00  9.00239444e-05  1.80053188e+00  9.00239444e-05  5.96031668e-01  9.00239444e-05  6.56007292e-01  9.00239444e-05  1.00346676e+00                                 
 9.00390197e-05  6.69941748e-01  9.00390197e-05  5.96800408e-01  9.00390197e-05  6.97522582e-01  9.00390197e-05  0.00000000e+00  9.00390197e-05  1.79949460e+00  9.00390197e-05  5.95509019e-01  9.00390197e-05  6.96809530e-01  9.00390197e-05  8.67104380e-01                                 
 9.00543965e-05  6.69943311e-01  9.00543965e-05  5.96829089e-01  9.00543965e-05  7.36659658e-01  9.00543965e-05  0.00000000e+00  9.00543965e-05  1.80052393e+00  9.00543965e-05  5.95749614e-01  9.00543965e-05  7.36548158e-01  9.00543965e-05  7.79404764e-01                                 
 9.00717629e-05  6.69941751e-01  9.00717629e-05  5.96803271e-01  9.00717629e-05  7.77785399e-01  9.00717629e-05  0.00000000e+00  9.00717629e-05  1.79949856e+00  9.00717629e-05  5.95404064e-01  9.00717629e-05  7.76990812e-01  9.00717629e-05  7.62818304e-01                                 
 9.00869078e-05  6.69943309e-01  9.00869078e-05  5.96830359e-01  9.00869078e-05  8.10722895e-01  9.00869078e-05  0.00000000e+00  9.00869078e-05  1.80051642e+00  9.00869078e-05  5.95713669e-01  9.00869078e-05  8.10692792e-01  9.00869078e-05  7.86457245e-01                                 
 9.01034427e-05  6.69941754e-01  9.01034427e-05  5.96803460e-01  9.01034427e-05  8.44197748e-01  9.01034427e-05  0.00000000e+00  9.01034427e-05  1.79950271e+00  9.01034427e-05  5.95392313e-01  9.01034427e-05  8.43232483e-01  9.01034427e-05  8.19418286e-01                                 
 9.01214369e-05  6.69943307e-01  9.01214369e-05  5.96830632e-01  9.01214369e-05  8.77348340e-01  9.01214369e-05  0.00000000e+00  9.01214369e-05  1.80050952e+00  9.01214369e-05  5.95712875e-01  9.01214369e-05  8.77368699e-01  9.01214369e-05  8.53396234e-01                                 
 9.01490114e-05  6.69941755e-01  9.01490114e-05  5.96803325e-01  9.01490114e-05  9.22838692e-01  9.01490114e-05  0.00000000e+00  9.01490114e-05  1.79950476e+00  9.01490114e-05  5.95389987e-01  9.01490114e-05  9.21555866e-01  9.01490114e-05  9.01114194e-01                                 
 9.02041604e-05  6.69943306e-01  9.02041604e-05  5.96830773e-01  9.02041604e-05  9.95964552e-01  9.02041604e-05  0.00000000e+00  9.02041604e-05  1.80050413e+00  9.02041604e-05  5.95717209e-01  9.02041604e-05  9.96275035e-01  9.02041604e-05  9.78929819e-01                                 
 9.03144585e-05  6.69941756e-01  9.03144585e-05  5.96803239e-01  9.03144585e-05  1.09106572e+00  9.03144585e-05  0.00000000e+00  9.03144585e-05  1.79950174e+00  9.03144585e-05  5.95393114e-01  9.03144585e-05  1.08984577e+00  9.03144585e-05  1.08446932e+00                                 
 9.04903022e-05  6.69943306e-01  9.04903022e-05  5.96830816e-01  9.04903022e-05  1.15957446e+00  9.04903022e-05  0.00000000e+00  9.04903022e-05  1.80050001e+00  9.04903022e-05  5.95723324e-01  9.04903022e-05  1.16025131e+00  9.04903022e-05  1.16319823e+00                                 
 9.06904401e-05  6.69941756e-01  9.06904401e-05  5.96803193e-01  9.06904401e-05  1.18328218e+00  9.06904401e-05  0.00000000e+00  9.06904401e-05  1.79950049e+00  9.06904401e-05  5.95395821e-01  9.06904401e-05  1.18254640e+00  9.06904401e-05  1.19084939e+00                                 
 9.09536334e-05  6.69943306e-01  9.09536334e-05  5.96830847e-01  9.09536334e-05  1.19006520e+00  9.09536334e-05  0.00000000e+00  9.09536334e-05  1.80049915e+00  9.09536334e-05  5.95725003e-01  9.09536334e-05  1.19076213e+00  9.09536334e-05  1.19837854e+00                                 
 9.12899215e-05  6.69941757e-01  9.12899215e-05  5.96803165e-01  9.12899215e-05  1.19110827e+00  9.12899215e-05  0.00000000e+00  9.12899215e-05  1.79950064e+00  9.12899215e-05  5.95395744e-01  9.12899215e-05  1.19041153e+00  9.12899215e-05  1.19988388e+00                                 
 9.18747808e-05  6.69943306e-01  9.18747808e-05  5.96830866e-01  9.18747808e-05  1.19096217e+00  9.18747808e-05  0.00000000e+00  9.18747808e-05  1.80049894e+00  9.18747808e-05  5.95725290e-01  9.18747808e-05  1.19165593e+00  9.18747808e-05  1.19943233e+00                                 
 9.30444993e-05  6.69941757e-01  9.30444993e-05  5.96803155e-01  9.30444993e-05  1.19110303e+00  9.30444993e-05  0.00000000e+00  9.30444993e-05  1.79950075e+00  9.30444993e-05  5.95395609e-01  9.30444993e-05  1.19040840e+00  9.30444993e-05  1.19986634e+00                                 
 9.42444993e-05  6.69943306e-01  9.42444993e-05  5.96830873e-01  9.42444993e-05  1.19096364e+00  9.42444993e-05  0.00000000e+00  9.42444993e-05  1.80049887e+00  9.42444993e-05  5.95725378e-01  9.42444993e-05  1.19165600e+00  9.42444993e-05  1.19944116e+00                                 
 9.54444993e-05  6.69941757e-01  9.54444993e-05  5.96803148e-01  9.54444993e-05  1.19110268e+00  9.54444993e-05  0.00000000e+00  9.54444993e-05  1.79950082e+00  9.54444993e-05  5.95395523e-01  9.54444993e-05  1.19040942e+00  9.54444993e-05  1.19986284e+00                                 
 9.60000000e-05  6.69943306e-01  9.60000000e-05  5.96830884e-01  9.60000000e-05  1.19096418e+00  9.60000000e-05  0.00000000e+00  9.60000000e-05  1.80049876e+00  9.60000000e-05  5.95725511e-01  9.60000000e-05  1.19165438e+00  9.60000000e-05  1.19944952e+00                                 
 9.60001000e-05  6.69967758e-01  9.60001000e-05  5.96986758e-01  9.60001000e-05  1.19232756e+00  9.60001000e-05  1.80000000e-01  9.60001000e-05  1.80026731e+00  9.60001000e-05  5.97016976e-01  9.60001000e-05  1.19266907e+00  9.60001000e-05  1.19950073e+00                                 
 9.60003000e-05  6.69949710e-01  9.60003000e-05  5.97005282e-01  9.60003000e-05  1.19206378e+00  9.60003000e-05  5.40000000e-01  9.60003000e-05  1.79988147e+00  9.60003000e-05  5.97320480e-01  9.60003000e-05  1.19269498e+00  9.60003000e-05  1.19954062e+00                                 
 9.60006237e-05  6.69883992e-01  9.60006237e-05  5.96394691e-01  9.60006237e-05  1.18929585e+00  9.60006237e-05  1.12274444e+00  9.60006237e-05  1.80154753e+00  9.60006237e-05  5.92212464e-01  9.60006237e-05  1.18993043e+00  9.60006237e-05  1.19956994e+00                                 
 9.60009537e-05  6.70296962e-01  9.60009537e-05  5.96967328e-01  9.60009537e-05  1.17640415e+00  9.60009537e-05  1.71670640e+00  9.60009537e-05  1.46629582e-01  9.60009537e-05  5.96032211e-01  9.60009537e-05  1.19153869e+00  9.60009537e-05  1.19962283e+00                                 
 9.60010000e-05  6.70609357e-01  9.60010000e-05  5.97249691e-01  9.60010000e-05  1.17135463e+00  9.60010000e-05  1.80000000e+00  9.60010000e-05 -1.95359233e-02  9.60010000e-05  5.98880073e-01  9.60010000e-05  1.19262599e+00  9.60010000e-05  1.19963216e+00                                 
 9.60010163e-05  6.70667507e-01  9.60010163e-05  5.97176045e-01  9.60010163e-05  1.16937510e+00  9.60010163e-05  1.80000000e+00  9.60010163e-05 -7.52627741e-03  9.60010163e-05  5.98345305e-01  9.60010163e-05  1.19244191e+00  9.60010163e-05  1.19961917e+00                                 
 9.60010490e-05  6.70746133e-01  9.60010490e-05  5.97028719e-01  9.60010490e-05  1.16647332e+00  9.60010490e-05  1.80000000e+00  9.60010490e-05  2.03499058e-03  9.60010490e-05  5.97050616e-01  9.60010490e-05  1.19160113e+00  9.60010490e-05  1.19959527e+00                                 
 9.60011143e-05  6.70829075e-01  9.60011143e-05  5.96877995e-01  9.60011143e-05  1.16468941e+00  9.60011143e-05  1.80000000e+00  9.60011143e-05 -5.00410206e-04  9.60011143e-05  5.95742768e-01  9.60011143e-05  1.19049863e+00  9.60011143e-05  1.19960145e+00                                 
 9.60012450e-05  6.70865022e-01  9.60012450e-05  5.96852929e-01  9.60012450e-05  1.16445536e+00  9.60012450e-05  1.80000000e+00  9.60012450e-05  6.05577886e-04  9.60012450e-05  5.95798361e-01  9.60012450e-05  1.19055619e+00  9.60012450e-05  1.19961951e+00                                 
 9.60014717e-05  6.70710014e-01  9.60014717e-05  5.96826179e-01  9.60014717e-05  1.16480625e+00  9.60014717e-05  1.80000000e+00  9.60014717e-05 -4.77203622e-04  9.60014717e-05  5.95652177e-01  9.60014717e-05  1.19041449e+00  9.60014717e-05  1.19962017e+00                                 
 9.60017458e-05  6.70469455e-01  9.60017458e-05  5.96821562e-01  9.60017458e-05  1.16555825e+00  9.60017458e-05  1.80000000e+00  9.60017458e-05  3.47496859e-04  9.60017458e-05  5.95702124e-01  9.60017458e-05  1.19046889e+00  9.60017458e-05  1.19963254e+00                                 
 9.60021847e-05  6.70160177e-01  9.60021847e-05  5.96816016e-01  9.60021847e-05  1.16534511e+00  9.60021847e-05  1.80000000e+00  9.60021847e-05 -3.74452174e-04  9.60021847e-05  5.95628229e-01  9.60021847e-05  1.19039531e+00  9.60021847e-05  1.19962578e+00                                 
 9.60029335e-05  6.69892896e-01  9.60029335e-05  5.96816663e-01  9.60029335e-05  1.16303196e+00  9.60029335e-05  1.80000000e+00  9.60029335e-05  3.07518527e-04  9.60029335e-05  5.95664602e-01  9.60029335e-05  1.19043699e+00  9.60029335e-05  1.19962260e+00                                 
 9.60044311e-05  6.69747195e-01  9.60044311e-05  5.96812055e-01  9.60044311e-05  1.15426382e+00  9.60044311e-05  1.80000000e+00  9.60044311e-05 -3.25172805e-04  9.60044311e-05  5.95574344e-01  9.60044311e-05  1.19035107e+00  9.60044311e-05  1.19958232e+00                                 
 9.60071308e-05  6.69806165e-01  9.60071308e-05  5.96814689e-01  9.60071308e-05  1.13421655e+00  9.60071308e-05  1.80000000e+00  9.60071308e-05  3.11598273e-04  9.60071308e-05  5.95594421e-01  9.60071308e-05  1.19037651e+00  9.60071308e-05  1.19951830e+00                                 
 9.60113021e-05  6.69893634e-01  9.60113021e-05  5.96814394e-01  9.60113021e-05  1.09844706e+00  9.60113021e-05  1.80000000e+00  9.60113021e-05 -3.07299462e-04  9.60113021e-05  5.95522313e-01  9.60113021e-05  1.19030206e+00  9.60113021e-05  1.19941146e+00                                 
 9.60159023e-05  6.69941893e-01  9.60159023e-05  5.96817856e-01  9.60159023e-05  1.05566671e+00  9.60159023e-05  1.80000000e+00  9.60159023e-05  3.09908496e-04  9.60159023e-05  5.95572808e-01  9.60159023e-05  1.19035083e+00  9.60159023e-05  1.19932426e+00                                 
 9.60208655e-05  6.69948049e-01  9.60208655e-05  5.96816065e-01  9.60208655e-05  1.00818631e+00  9.60208655e-05  1.80000000e+00  9.60208655e-05 -2.99731674e-04  9.60208655e-05  5.95522422e-01  9.60208655e-05  1.19029575e+00  9.60208655e-05  1.19923641e+00                                 
 9.60271504e-05  6.69953911e-01  9.60271504e-05  5.96817947e-01  9.60271504e-05  9.48031391e-01  9.60271504e-05  1.80000000e+00  9.60271504e-05  3.06281519e-04  9.60271504e-05  5.95572705e-01  9.60271504e-05  1.19034506e+00  9.60271504e-05  1.19916262e+00                                 
 9.60363390e-05  6.69947060e-01  9.60363390e-05  5.96815758e-01  9.60363390e-05  8.60715716e-01  9.60363390e-05  1.80000000e+00  9.60363390e-05 -2.94879225e-04  9.60363390e-05  5.95515878e-01  9.60363390e-05  1.19028492e+00  9.60363390e-05  1.19907282e+00                                 
 9.60489667e-05  6.69950857e-01  9.60489667e-05  5.96818442e-01  9.60489667e-05  7.45888837e-01  9.60489667e-05  1.80000000e+00  9.60489667e-05  3.06858636e-04  9.60489667e-05  5.95573979e-01  9.60489667e-05  1.19034132e+00  9.60489667e-05  1.19900866e+00                                 
 9.60621352e-05  6.69942390e-01  9.60621352e-05  5.96816374e-01  9.60621352e-05  6.54362412e-01  9.60621352e-05  1.80000000e+00  9.60621352e-05 -2.86489005e-04  9.60621352e-05  5.95536912e-01  9.60621352e-05  1.19029957e+00  9.60621352e-05  1.19896658e+00                                 
 9.60797190e-05  6.69945960e-01  9.60797190e-05  5.96818064e-01  9.60797190e-05  6.07395720e-01  9.60797190e-05  1.80000000e+00  9.60797190e-05  3.13755389e-04  9.60797190e-05  5.95595138e-01  9.60797190e-05  1.19035760e+00  9.60797190e-05  1.19895477e+00                                 
 9.60964425e-05  6.69935218e-01  9.60964425e-05  5.96815747e-01  9.60964425e-05  5.98904966e-01  9.60964425e-05  1.80000000e+00  9.60964425e-05 -2.81878436e-04  9.60964425e-05  5.95537314e-01  9.60964425e-05  1.19029884e+00  9.60964425e-05  1.19894180e+00                                 
 9.61127029e-05  6.69947486e-01  9.61127029e-05  5.96818152e-01  9.61127029e-05  5.95219824e-01  9.61127029e-05  1.80000000e+00  9.61127029e-05  3.12785188e-04  9.61127029e-05  5.95587676e-01  9.61127029e-05  1.19035028e+00  9.61127029e-05  1.19894292e+00                                 
 9.61290425e-05  6.69937981e-01  9.61290425e-05  5.96815874e-01  9.61290425e-05  5.94981397e-01  9.61290425e-05  1.80000000e+00  9.61290425e-05 -2.80008664e-04  9.61290425e-05  5.95535432e-01  9.61290425e-05  1.19029630e+00  9.61290425e-05  1.19893381e+00                                 
 9.61617219e-05  6.69946475e-01  9.61617219e-05  5.96818126e-01  9.61617219e-05  5.94057621e-01  9.61617219e-05  1.80000000e+00  9.61617219e-05  3.11600292e-04  9.61617219e-05  5.95586043e-01  9.61617219e-05  1.19034756e+00  9.61617219e-05  1.19893670e+00                                 
 9.62040311e-05  6.69938917e-01  9.62040311e-05  5.96815914e-01  9.62040311e-05  5.94508351e-01  9.62040311e-05  1.80000000e+00  9.62040311e-05 -2.79250453e-04  9.62040311e-05  5.95535003e-01  9.62040311e-05  1.19029406e+00  9.62040311e-05  1.19892895e+00                                 
 9.62886495e-05  6.69945991e-01  9.62886495e-05  5.96818110e-01  9.62886495e-05  5.94096584e-01  9.62886495e-05  1.80000000e+00  9.62886495e-05  3.11120259e-04  9.62886495e-05  5.95585979e-01  9.62886495e-05  1.19034442e+00  9.62886495e-05  1.19893301e+00                                 
 9.64522622e-05  6.69939148e-01  9.64522622e-05  5.96815921e-01  9.64522622e-05  5.94491197e-01  9.64522622e-05  1.80000000e+00  9.64522622e-05 -2.79008552e-04  9.64522622e-05  5.95535022e-01  9.64522622e-05  1.19028809e+00  9.64522622e-05  1.19892295e+00                                 
 9.67373685e-05  6.69945871e-01  9.67373685e-05  5.96818107e-01  9.67373685e-05  5.94105527e-01  9.67373685e-05  1.80000000e+00  9.67373685e-05  3.10990642e-04  9.67373685e-05  5.95585970e-01  9.67373685e-05  1.19033358e+00  9.67373685e-05  1.19892217e+00                                 
 9.73075812e-05  6.69939212e-01  9.73075812e-05  5.96815923e-01  9.73075812e-05  5.94487151e-01  9.73075812e-05  1.80000000e+00  9.73075812e-05 -2.78937739e-04  9.73075812e-05  5.95535026e-01  9.73075812e-05  1.19026740e+00  9.73075812e-05  1.19890225e+00                                 
 9.84480066e-05  6.69945839e-01  9.84480066e-05  5.96818106e-01  9.84480066e-05  5.94106746e-01  9.84480066e-05  1.80000000e+00  9.84480066e-05  3.10955237e-04  9.84480066e-05  5.95585968e-01  9.84480066e-05  1.19029213e+00  9.84480066e-05  1.19888071e+00                                 
 9.96480066e-05  6.69939233e-01  9.96480066e-05  5.96815923e-01  9.96480066e-05  5.94486571e-01  9.96480066e-05  1.80000000e+00  9.96480066e-05 -2.78914732e-04  9.96480066e-05  5.95535027e-01  9.96480066e-05  1.19021077e+00  9.96480066e-05  1.19884559e+00                                 
 1.00848007e-04  6.69945820e-01  1.00848007e-04  5.96818106e-01  1.00848007e-04  5.94109905e-01  1.00848007e-04  1.80000000e+00  1.00848007e-04  3.10932814e-04  1.00848007e-04  5.95585967e-01  1.00848007e-04  1.19023418e+00  1.00848007e-04  1.19882274e+00                                 
 1.02001000e-04  6.69939253e-01  1.02001000e-04  5.96815924e-01  1.02001000e-04  5.94485220e-01  1.02001000e-04  1.80000000e+00  1.02001000e-04 -2.78891866e-04  1.02001000e-04  5.95535029e-01  1.02001000e-04  1.19015397e+00  1.02001000e-04  1.19878877e+00                                 
 1.02001100e-04  6.69889625e-01  1.02001100e-04  5.96580355e-01  1.02001100e-04  5.92806988e-01  1.02001100e-04  1.62000000e+00  1.02001100e-04 -1.18618295e-04  1.02001100e-04  5.94064541e-01  1.02001100e-04  1.18891192e+00  1.02001100e-04  1.19878204e+00                                 
 1.02001300e-04  6.69924383e-01  1.02001300e-04  5.96571314e-01  1.02001300e-04  5.92653381e-01  1.02001300e-04  1.26000000e+00  1.02001300e-04  3.06690873e-05  1.02001300e-04  5.93692059e-01  1.02001300e-04  1.18860148e+00  1.02001300e-04  1.19879610e+00                                 
 1.02001645e-04  6.69995413e-01  1.02001645e-04  5.96767642e-01  1.02001645e-04  5.94613781e-01  1.02001645e-04  6.39332591e-01  1.02001645e-04  2.29801948e-02  1.02001645e-04  5.93829946e-01  1.02001645e-04  1.18522178e+00  1.02001645e-04  1.19877203e+00                                 
 1.02002000e-04  6.69922427e-01  1.02002000e-04  5.96083581e-01  1.02002000e-04  6.19544860e-01  1.02002000e-04  0.00000000e+00  1.02002000e-04  1.61700900e+00  1.02002000e-04  5.87157320e-01  1.02002000e-04  1.02614335e+00  1.02002000e-04  1.19827253e+00                                 
 1.02002046e-04  6.69939810e-01  1.02002046e-04  5.95405841e-01  1.02002046e-04  6.28120511e-01  1.02002046e-04  0.00000000e+00  1.02002046e-04  1.73398394e+00  1.02002046e-04  5.79446998e-01  1.02002046e-04  9.60927153e-01  1.02002046e-04  1.19811326e+00                                 
 1.02002139e-04  6.69944169e-01  1.02002139e-04  5.94492775e-01  1.02002139e-04  6.33062257e-01  1.02002139e-04  0.00000000e+00  1.02002139e-04  1.81454218e+00  1.02002139e-04  5.69050587e-01  1.02002139e-04  8.33954811e-01  1.02002139e-04  1.19838301e+00                                 
 1.02002303e-04  6.69939910e-01  1.02002303e-04  5.94871570e-01  1.02002303e-04  6.17982060e-01  1.02002303e-04  0.00000000e+00  1.02002303e-04  1.78867756e+00  1.02002303e-04  5.73540854e-01  1.02002303e-04  6.87759311e-01  1.02002303e-04  1.19913031e+00                                 
 1.02002473e-04  6.69942507e-01  1.02002473e-04  5.95832754e-01  1.02002473e-04  6.05908255e-01  1.02002473e-04  0.00000000e+00  1.02002473e-04  1.80541392e+00  1.02002473e-04  5.84023148e-01  1.02002473e-04  6.30450474e-01  1.02002473e-04  1.19914818e+00                                 
 1.02002614e-04  6.69939943e-01  1.02002614e-04  5.96311619e-01  1.02002614e-04  6.00448675e-01  1.02002614e-04  0.00000000e+00  1.02002614e-04  1.79731286e+00  1.02002614e-04  5.88516549e-01  1.02002614e-04  6.10849519e-01  1.02002614e-04  1.19892859e+00                                 
 1.02002799e-04  6.69942389e-01  1.02002799e-04  5.96794644e-01  1.02002799e-04  5.97015772e-01  1.02002799e-04  0.00000000e+00  1.02002799e-04  1.80167691e+00  1.02002799e-04  5.93132552e-01  1.02002799e-04  6.01422766e-01  1.02002799e-04  1.19802599e+00                                 
 1.02003025e-04  6.69940608e-01  1.02003025e-04  5.96991763e-01  1.02003025e-04  5.95722134e-01  1.02003025e-04  0.00000000e+00  1.02003025e-04  1.79897729e+00  1.02003025e-04  5.94661627e-01  1.02003025e-04  5.96650400e-01  1.02003025e-04  1.19670850e+00                                 
 1.02003368e-04  6.69942754e-01  1.02003368e-04  5.97144861e-01  1.02003368e-04  5.95598552e-01  1.02003368e-04  0.00000000e+00  1.02003368e-04  1.80082221e+00  1.02003368e-04  5.96176786e-01  1.02003368e-04  5.95888549e-01  1.02003368e-04  1.19422311e+00                                 
 1.02003849e-04  6.69941290e-01  1.02003849e-04  5.97119321e-01  1.02003849e-04  5.96804565e-01  1.02003849e-04  0.00000000e+00  1.02003849e-04  1.79935235e+00  1.02003849e-04  5.96104681e-01  1.02003849e-04  5.96337446e-01  1.02003849e-04  1.19050456e+00                                 
 1.02004657e-04  6.69943158e-01  1.02004657e-04  5.97109325e-01  1.02004657e-04  5.99041644e-01  1.02004657e-04  0.00000000e+00  1.02004657e-04  1.80060253e+00  1.02004657e-04  5.96577369e-01  1.02004657e-04  5.99000102e-01  1.02004657e-04  1.18374695e+00                                 
 1.02006105e-04  6.69941667e-01  1.02006105e-04  5.97007891e-01  1.02006105e-04  6.03572914e-01  1.02006105e-04  0.00000000e+00  1.02006105e-04  1.79946152e+00  1.02006105e-04  5.96272980e-01  1.02006105e-04  6.03054484e-01  1.02006105e-04  1.17101413e+00                                 
 1.02009001e-04  6.69943306e-01  1.02009001e-04  5.96913721e-01  1.02009001e-04  6.12338514e-01  1.02009001e-04  0.00000000e+00  1.02009001e-04  1.80054693e+00  1.02009001e-04  5.96499790e-01  1.02009001e-04  6.12253796e-01  1.02009001e-04  1.14436485e+00                                 
 1.02014434e-04  6.69941738e-01  1.02014434e-04  5.96795468e-01  1.02014434e-04  6.28711780e-01  1.02014434e-04  0.00000000e+00  1.02014434e-04  1.79948755e+00  1.02014434e-04  5.95977168e-01  1.02014434e-04  6.28139538e-01  1.02014434e-04  1.09348399e+00                                 
 1.02023944e-04  6.69943309e-01  1.02023944e-04  5.96819843e-01  1.02023944e-04  6.56141665e-01  1.02023944e-04  0.00000000e+00  1.02023944e-04  1.80053188e+00  1.02023944e-04  5.96031668e-01  1.02023944e-04  6.56007300e-01  1.02023944e-04  1.00346667e+00                                 
 1.02039020e-04  6.69941748e-01  1.02039020e-04  5.96800408e-01  1.02039020e-04  6.97522588e-01  1.02039020e-04  0.00000000e+00  1.02039020e-04  1.79949460e+00  1.02039020e-04  5.95509019e-01  1.02039020e-04  6.96809536e-01  1.02039020e-04  8.67104302e-01                                 
 1.02054397e-04  6.69943312e-01  1.02054397e-04  5.96829088e-01  1.02054397e-04  7.36659664e-01  1.02054397e-04  0.00000000e+00  1.02054397e-04  1.80052393e+00  1.02054397e-04  5.95749614e-01  1.02054397e-04  7.36548163e-01  1.02054397e-04  7.79404720e-01                                 
 1.02071763e-04  6.69941751e-01  1.02071763e-04  5.96803271e-01  1.02071763e-04  7.77785396e-01  1.02071763e-04  0.00000000e+00  1.02071763e-04  1.79949856e+00  1.02071763e-04  5.95404064e-01  1.02071763e-04  7.76990810e-01  1.02071763e-04  7.62818295e-01                                 
 1.02086908e-04  6.69943309e-01  1.02086908e-04  5.96830359e-01  1.02086908e-04  8.10722875e-01  1.02086908e-04  0.00000000e+00  1.02086908e-04  1.80051642e+00  1.02086908e-04  5.95713669e-01  1.02086908e-04  8.10692771e-01  1.02086908e-04  7.86457226e-01                                 
 1.02103443e-04  6.69941754e-01  1.02103443e-04  5.96803460e-01  1.02103443e-04  8.44197734e-01  1.02103443e-04  0.00000000e+00  1.02103443e-04  1.79950271e+00  1.02103443e-04  5.95392313e-01  1.02103443e-04  8.43232469e-01  1.02103443e-04  8.19418272e-01                                 
 1.02121437e-04  6.69943307e-01  1.02121437e-04  5.96830632e-01  1.02121437e-04  8.77348330e-01  1.02121437e-04  0.00000000e+00  1.02121437e-04  1.80050952e+00  1.02121437e-04  5.95712875e-01  1.02121437e-04  8.77368689e-01  1.02121437e-04  8.53396224e-01                                 
 1.02149011e-04  6.69941756e-01  1.02149011e-04  5.96803325e-01  1.02149011e-04  9.22838693e-01  1.02149011e-04  0.00000000e+00  1.02149011e-04  1.79950476e+00  1.02149011e-04  5.95389987e-01  1.02149011e-04  9.21555868e-01  1.02149011e-04  9.01114195e-01                                 
 1.02204160e-04  6.69943306e-01  1.02204160e-04  5.96830774e-01  1.02204160e-04  9.95964570e-01  1.02204160e-04  0.00000000e+00  1.02204160e-04  1.80050413e+00  1.02204160e-04  5.95717209e-01  1.02204160e-04  9.96275052e-01  1.02204160e-04  9.78929837e-01                                 
 1.02314459e-04  6.69941756e-01  1.02314459e-04  5.96803239e-01  1.02314459e-04  1.09106575e+00  1.02314459e-04  0.00000000e+00  1.02314459e-04  1.79950174e+00  1.02314459e-04  5.95393115e-01  1.02314459e-04  1.08984580e+00  1.02314459e-04  1.08446935e+00                                 
 1.02490302e-04  6.69943306e-01  1.02490302e-04  5.96830816e-01  1.02490302e-04  1.15957448e+00  1.02490302e-04  0.00000000e+00  1.02490302e-04  1.80050001e+00  1.02490302e-04  5.95723324e-01  1.02490302e-04  1.16025133e+00  1.02490302e-04  1.16319825e+00                                 
 1.02690440e-04  6.69941756e-01  1.02690440e-04  5.96803193e-01  1.02690440e-04  1.18328219e+00  1.02690440e-04  0.00000000e+00  1.02690440e-04  1.79950049e+00  1.02690440e-04  5.95395821e-01  1.02690440e-04  1.18254641e+00  1.02690440e-04  1.19084940e+00                                 
 1.02953633e-04  6.69943306e-01  1.02953633e-04  5.96830847e-01  1.02953633e-04  1.19006520e+00  1.02953633e-04  0.00000000e+00  1.02953633e-04  1.80049915e+00  1.02953633e-04  5.95725002e-01  1.02953633e-04  1.19076213e+00  1.02953633e-04  1.19837854e+00                                 
 1.03289922e-04  6.69941756e-01  1.03289922e-04  5.96803165e-01  1.03289922e-04  1.19110826e+00  1.03289922e-04  0.00000000e+00  1.03289922e-04  1.79950064e+00  1.03289922e-04  5.95395744e-01  1.03289922e-04  1.19041153e+00  1.03289922e-04  1.19988387e+00                                 
 1.03874781e-04  6.69943306e-01  1.03874781e-04  5.96830866e-01  1.03874781e-04  1.19096215e+00  1.03874781e-04  0.00000000e+00  1.03874781e-04  1.80049894e+00  1.03874781e-04  5.95725290e-01  1.03874781e-04  1.19165591e+00  1.03874781e-04  1.19943231e+00                                 
 1.05044500e-04  6.69941756e-01  1.05044500e-04  5.96803155e-01  1.05044500e-04  1.19110302e+00  1.05044500e-04  0.00000000e+00  1.05044500e-04  1.79950075e+00  1.05044500e-04  5.95395608e-01  1.05044500e-04  1.19040839e+00  1.05044500e-04  1.19986633e+00                                 
 1.06244500e-04  6.69943306e-01  1.06244500e-04  5.96830873e-01  1.06244500e-04  1.19096368e+00  1.06244500e-04  0.00000000e+00  1.06244500e-04  1.80049887e+00  1.06244500e-04  5.95725378e-01  1.06244500e-04  1.19165604e+00  1.06244500e-04  1.19944120e+00                                 
 1.07444500e-04  6.69941757e-01  1.07444500e-04  5.96803148e-01  1.07444500e-04  1.19110273e+00  1.07444500e-04  0.00000000e+00  1.07444500e-04  1.79950082e+00  1.07444500e-04  5.95395523e-01  1.07444500e-04  1.19040947e+00  1.07444500e-04  1.19986290e+00                                 
 1.08000000e-04  6.69943306e-01  1.08000000e-04  5.96830884e-01  1.08000000e-04  1.19096422e+00  1.08000000e-04  0.00000000e+00  1.08000000e-04  1.80049876e+00  1.08000000e-04  5.95725511e-01  1.08000000e-04  1.19165442e+00  1.08000000e-04  1.19944957e+00                                 
 1.08000100e-04  6.69967758e-01  1.08000100e-04  5.96986758e-01  1.08000100e-04  1.19232760e+00  1.08000100e-04  1.80000000e-01  1.08000100e-04  1.80026731e+00  1.08000100e-04  5.97016976e-01  1.08000100e-04  1.19266911e+00  1.08000100e-04  1.19950077e+00                                 
 1.08000300e-04  6.69949710e-01  1.08000300e-04  5.97005282e-01  1.08000300e-04  1.19206382e+00  1.08000300e-04  5.40000000e-01  1.08000300e-04  1.79988147e+00  1.08000300e-04  5.97320480e-01  1.08000300e-04  1.19269502e+00  1.08000300e-04  1.19954066e+00                                 
 1.08000624e-04  6.69883992e-01  1.08000624e-04  5.96394691e-01  1.08000624e-04  1.18929589e+00  1.08000624e-04  1.12274444e+00  1.08000624e-04  1.80154753e+00  1.08000624e-04  5.92212464e-01  1.08000624e-04  1.18993048e+00  1.08000624e-04  1.19956998e+00                                 
 1.08000954e-04  6.70296962e-01  1.08000954e-04  5.96967328e-01  1.08000954e-04  1.17640419e+00  1.08000954e-04  1.71670641e+00  1.08000954e-04  1.46629579e-01  1.08000954e-04  5.96032211e-01  1.08000954e-04  1.19153873e+00  1.08000954e-04  1.19962287e+00                                 
 1.08001000e-04  6.70609357e-01  1.08001000e-04  5.97249691e-01  1.08001000e-04  1.17135467e+00  1.08001000e-04  1.80000000e+00  1.08001000e-04 -1.95359149e-02  1.08001000e-04  5.98880073e-01  1.08001000e-04  1.19262603e+00  1.08001000e-04  1.19963220e+00                                 
 1.08001016e-04  6.70667507e-01  1.08001016e-04  5.97176045e-01  1.08001016e-04  1.16937515e+00  1.08001016e-04  1.80000000e+00  1.08001016e-04 -7.52627400e-03  1.08001016e-04  5.98345305e-01  1.08001016e-04  1.19244196e+00  1.08001016e-04  1.19961921e+00                                 
 1.08001049e-04  6.70746133e-01  1.08001049e-04  5.97028719e-01  1.08001049e-04  1.16647336e+00  1.08001049e-04  1.80000000e+00  1.08001049e-04  2.03499005e-03  1.08001049e-04  5.97050617e-01  1.08001049e-04  1.19160118e+00  1.08001049e-04  1.19959531e+00                                 
 1.08001114e-04  6.70829075e-01  1.08001114e-04  5.96877995e-01  1.08001114e-04  1.16468945e+00  1.08001114e-04  1.80000000e+00  1.08001114e-04 -5.00409825e-04  1.08001114e-04  5.95742768e-01  1.08001114e-04  1.19049867e+00  1.08001114e-04  1.19960149e+00                                 
 1.08001245e-04  6.70865022e-01  1.08001245e-04  5.96852929e-01  1.08001245e-04  1.16445541e+00  1.08001245e-04  1.80000000e+00  1.08001245e-04  6.05577638e-04  1.08001245e-04  5.95798361e-01  1.08001245e-04  1.19055624e+00  1.08001245e-04  1.19961956e+00                                 
 1.08001472e-04  6.70710014e-01  1.08001472e-04  5.96826179e-01  1.08001472e-04  1.16480629e+00  1.08001472e-04  1.80000000e+00  1.08001472e-04 -4.77203405e-04  1.08001472e-04  5.95652177e-01  1.08001472e-04  1.19041454e+00  1.08001472e-04  1.19962021e+00                                 
 1.08001746e-04  6.70469455e-01  1.08001746e-04  5.96821562e-01  1.08001746e-04  1.16555829e+00  1.08001746e-04  1.80000000e+00  1.08001746e-04  3.47496668e-04  1.08001746e-04  5.95702124e-01  1.08001746e-04  1.19046893e+00  1.08001746e-04  1.19963259e+00                                 
 1.08002185e-04  6.70160178e-01  1.08002185e-04  5.96816016e-01  1.08002185e-04  1.16534515e+00  1.08002185e-04  1.80000000e+00  1.08002185e-04 -3.74452006e-04  1.08002185e-04  5.95628229e-01  1.08002185e-04  1.19039536e+00  1.08002185e-04  1.19962583e+00                                 
 1.08002934e-04  6.69892896e-01  1.08002934e-04  5.96816663e-01  1.08002934e-04  1.16303200e+00  1.08002934e-04  1.80000000e+00  1.08002934e-04  3.07518363e-04  1.08002934e-04  5.95664602e-01  1.08002934e-04  1.19043703e+00  1.08002934e-04  1.19962264e+00                                 
 1.08004431e-04  6.69747195e-01  1.08004431e-04  5.96812055e-01  1.08004431e-04  1.15426386e+00  1.08004431e-04  1.80000000e+00  1.08004431e-04 -3.25172649e-04  1.08004431e-04  5.95574344e-01  1.08004431e-04  1.19035111e+00  1.08004431e-04  1.19958236e+00                                 
 1.08007131e-04  6.69806165e-01  1.08007131e-04  5.96814689e-01  1.08007131e-04  1.13421659e+00  1.08007131e-04  1.80000000e+00  1.08007131e-04  3.11598116e-04  1.08007131e-04  5.95594421e-01  1.08007131e-04  1.19037655e+00  1.08007131e-04  1.19951834e+00                                 
 1.08011302e-04  6.69893634e-01  1.08011302e-04  5.96814394e-01  1.08011302e-04  1.09844710e+00  1.08011302e-04  1.80000000e+00  1.08011302e-04 -3.07299309e-04  1.08011302e-04  5.95522313e-01  1.08011302e-04  1.19030210e+00  1.08011302e-04  1.19941150e+00                                 
 1.08015902e-04  6.69941894e-01  1.08015902e-04  5.96817856e-01  1.08015902e-04  1.05566676e+00  1.08015902e-04  1.80000000e+00  1.08015902e-04  3.09908343e-04  1.08015902e-04  5.95572808e-01  1.08015902e-04  1.19035088e+00  1.08015902e-04  1.19932431e+00                                 
 1.08020865e-04  6.69948049e-01  1.08020865e-04  5.96816065e-01  1.08020865e-04  1.00818636e+00  1.08020865e-04  1.80000000e+00  1.08020865e-04 -2.99731523e-04  1.08020865e-04  5.95522422e-01  1.08020865e-04  1.19029579e+00  1.08020865e-04  1.19923645e+00                                 
 1.08027150e-04  6.69953911e-01  1.08027150e-04  5.96817947e-01  1.08027150e-04  9.48031450e-01  1.08027150e-04  1.80000000e+00  1.08027150e-04  3.06281368e-04  1.08027150e-04  5.95572704e-01  1.08027150e-04  1.19034510e+00  1.08027150e-04  1.19916266e+00                                 
 1.08036339e-04  6.69947060e-01  1.08036339e-04  5.96815758e-01  1.08036339e-04  8.60715780e-01  1.08036339e-04  1.80000000e+00  1.08036339e-04 -2.94879076e-04  1.08036339e-04  5.95515878e-01  1.08036339e-04  1.19028497e+00  1.08036339e-04  1.19907286e+00                                 
 1.08048967e-04  6.69950857e-01  1.08048967e-04  5.96818442e-01  1.08048967e-04  7.45888876e-01  1.08048967e-04  1.80000000e+00  1.08048967e-04  3.06858486e-04  1.08048967e-04  5.95573979e-01  1.08048967e-04  1.19034136e+00  1.08048967e-04  1.19900870e+00                                 
 1.08062135e-04  6.69942390e-01  1.08062135e-04  5.96816374e-01  1.08062135e-04  6.54362442e-01  1.08062135e-04  1.80000000e+00  1.08062135e-04 -2.86488858e-04  1.08062135e-04  5.95536912e-01  1.08062135e-04  1.19029962e+00  1.08062135e-04  1.19896662e+00                                 
 1.08079719e-04  6.69945960e-01  1.08079719e-04  5.96818064e-01  1.08079719e-04  6.07395724e-01  1.08079719e-04  1.80000000e+00  1.08079719e-04  3.13755241e-04  1.08079719e-04  5.95595138e-01  1.08079719e-04  1.19035765e+00  1.08079719e-04  1.19895481e+00                                 
 1.08096442e-04  6.69935218e-01  1.08096442e-04  5.96815747e-01  1.08096442e-04  5.98904969e-01  1.08096442e-04  1.80000000e+00  1.08096442e-04 -2.81878289e-04  1.08096442e-04  5.95537314e-01  1.08096442e-04  1.19029888e+00  1.08096442e-04  1.19894185e+00                                 
 1.08112703e-04  6.69947486e-01  1.08112703e-04  5.96818152e-01  1.08112703e-04  5.95219824e-01  1.08112703e-04  1.80000000e+00  1.08112703e-04  3.12785041e-04  1.08112703e-04  5.95587676e-01  1.08112703e-04  1.19035032e+00  1.08112703e-04  1.19894296e+00                                 
 1.08129043e-04  6.69937981e-01  1.08129043e-04  5.96815874e-01  1.08129043e-04  5.94981397e-01  1.08129043e-04  1.80000000e+00  1.08129043e-04 -2.80008516e-04  1.08129043e-04  5.95535432e-01  1.08129043e-04  1.19029634e+00  1.08129043e-04  1.19893385e+00                                 
 1.08161722e-04  6.69946475e-01  1.08161722e-04  5.96818125e-01  1.08161722e-04  5.94057621e-01  1.08161722e-04  1.80000000e+00  1.08161722e-04  3.11600144e-04  1.08161722e-04  5.95586043e-01  1.08161722e-04  1.19034760e+00  1.08161722e-04  1.19893674e+00                                 
 1.08204031e-04  6.69938917e-01  1.08204031e-04  5.96815914e-01  1.08204031e-04  5.94508351e-01  1.08204031e-04  1.80000000e+00  1.08204031e-04 -2.79250306e-04  1.08204031e-04  5.95535002e-01  1.08204031e-04  1.19029410e+00  1.08204031e-04  1.19892899e+00                                 
 1.08288649e-04  6.69945991e-01  1.08288649e-04  5.96818111e-01  1.08288649e-04  5.94096584e-01  1.08288649e-04  1.80000000e+00  1.08288649e-04  3.11120112e-04  1.08288649e-04  5.95585979e-01  1.08288649e-04  1.19034446e+00  1.08288649e-04  1.19893304e+00                                 
 1.08452262e-04  6.69939147e-01  1.08452262e-04  5.96815921e-01  1.08452262e-04  5.94491198e-01  1.08452262e-04  1.80000000e+00  1.08452262e-04 -2.79008405e-04  1.08452262e-04  5.95535022e-01  1.08452262e-04  1.19028812e+00  1.08452262e-04  1.19892299e+00                                 
 1.08737368e-04  6.69945871e-01  1.08737368e-04  5.96818107e-01  1.08737368e-04  5.94105527e-01  1.08737368e-04  1.80000000e+00  1.08737368e-04  3.10990494e-04  1.08737368e-04  5.95585970e-01  1.08737368e-04  1.19033362e+00  1.08737368e-04  1.19892221e+00                                 
 1.09307580e-04  6.69939212e-01  1.09307580e-04  5.96815922e-01  1.09307580e-04  5.94487152e-01  1.09307580e-04  1.80000000e+00  1.09307580e-04 -2.78937592e-04  1.09307580e-04  5.95535026e-01  1.09307580e-04  1.19026746e+00  1.09307580e-04  1.19890231e+00                                 
 1.10448004e-04  6.69945840e-01  1.10448004e-04  5.96818106e-01  1.10448004e-04  5.94106746e-01  1.10448004e-04  1.80000000e+00  1.10448004e-04  3.10955090e-04  1.10448004e-04  5.95585968e-01  1.10448004e-04  1.19029219e+00  1.10448004e-04  1.19888077e+00                                 
 1.11648004e-04  6.69939233e-01  1.11648004e-04  5.96815923e-01  1.11648004e-04  5.94486572e-01  1.11648004e-04  1.80000000e+00  1.11648004e-04 -2.78914585e-04  1.11648004e-04  5.95535028e-01  1.11648004e-04  1.19021080e+00  1.11648004e-04  1.19884563e+00                                 
 1.12848004e-04  6.69945820e-01  1.12848004e-04  5.96818106e-01  1.12848004e-04  5.94109905e-01  1.12848004e-04  1.80000000e+00  1.12848004e-04  3.10932667e-04  1.12848004e-04  5.95585967e-01  1.12848004e-04  1.19023419e+00  1.12848004e-04  1.19882275e+00                                 
 1.14001000e-04  6.69939253e-01  1.14001000e-04  5.96815924e-01  1.14001000e-04  5.94485221e-01  1.14001000e-04  1.80000000e+00  1.14001000e-04 -2.78891719e-04  1.14001000e-04  5.95535029e-01  1.14001000e-04  1.19015398e+00  1.14001000e-04  1.19878878e+00                                 
 1.14001100e-04  6.69889625e-01  1.14001100e-04  5.96580354e-01  1.14001100e-04  5.92806988e-01  1.14001100e-04  1.62000000e+00  1.14001100e-04 -1.18618283e-04  1.14001100e-04  5.94064541e-01  1.14001100e-04  1.18891193e+00  1.14001100e-04  1.19878205e+00                                 
 1.14001300e-04  6.69924383e-01  1.14001300e-04  5.96571313e-01  1.14001300e-04  5.92653382e-01  1.14001300e-04  1.26000000e+00  1.14001300e-04  3.06690761e-05  1.14001300e-04  5.93692059e-01  1.14001300e-04  1.18860150e+00  1.14001300e-04  1.19879611e+00                                 
 1.14001645e-04  6.69995412e-01  1.14001645e-04  5.96767642e-01  1.14001645e-04  5.94613782e-01  1.14001645e-04  6.39332591e-01  1.14001645e-04  2.29801953e-02  1.14001645e-04  5.93829946e-01  1.14001645e-04  1.18522180e+00  1.14001645e-04  1.19877205e+00                                 
 1.14002000e-04  6.69922427e-01  1.14002000e-04  5.96083580e-01  1.14002000e-04  6.19544861e-01  1.14002000e-04  0.00000000e+00  1.14002000e-04  1.61700900e+00  1.14002000e-04  5.87157320e-01  1.14002000e-04  1.02614336e+00  1.14002000e-04  1.19827254e+00                                 
 1.14002046e-04  6.69939810e-01  1.14002046e-04  5.95405841e-01  1.14002046e-04  6.28120512e-01  1.14002046e-04  0.00000000e+00  1.14002046e-04  1.73398394e+00  1.14002046e-04  5.79446997e-01  1.14002046e-04  9.60927164e-01  1.14002046e-04  1.19811328e+00                                 
 1.14002139e-04  6.69944169e-01  1.14002139e-04  5.94492775e-01  1.14002139e-04  6.33062258e-01  1.14002139e-04  0.00000000e+00  1.14002139e-04  1.81454218e+00  1.14002139e-04  5.69050586e-01  1.14002139e-04  8.33954818e-01  1.14002139e-04  1.19838303e+00                                 
 1.14002303e-04  6.69939910e-01  1.14002303e-04  5.94871570e-01  1.14002303e-04  6.17982061e-01  1.14002303e-04  0.00000000e+00  1.14002303e-04  1.78867756e+00  1.14002303e-04  5.73540853e-01  1.14002303e-04  6.87759314e-01  1.14002303e-04  1.19913032e+00                                 
 1.14002473e-04  6.69942507e-01  1.14002473e-04  5.95832754e-01  1.14002473e-04  6.05908256e-01  1.14002473e-04  0.00000000e+00  1.14002473e-04  1.80541392e+00  1.14002473e-04  5.84023148e-01  1.14002473e-04  6.30450475e-01  1.14002473e-04  1.19914819e+00                                 
 1.14002614e-04  6.69939943e-01  1.14002614e-04  5.96311619e-01  1.14002614e-04  6.00448675e-01  1.14002614e-04  0.00000000e+00  1.14002614e-04  1.79731286e+00  1.14002614e-04  5.88516548e-01  1.14002614e-04  6.10849520e-01  1.14002614e-04  1.19892861e+00                                 
 1.14002799e-04  6.69942389e-01  1.14002799e-04  5.96794644e-01  1.14002799e-04  5.97015772e-01  1.14002799e-04  0.00000000e+00  1.14002799e-04  1.80167691e+00  1.14002799e-04  5.93132552e-01  1.14002799e-04  6.01422766e-01  1.14002799e-04  1.19802600e+00                                 
 1.14003025e-04  6.69940608e-01  1.14003025e-04  5.96991763e-01  1.14003025e-04  5.95722134e-01  1.14003025e-04  0.00000000e+00  1.14003025e-04  1.79897729e+00  1.14003025e-04  5.94661627e-01  1.14003025e-04  5.96650401e-01  1.14003025e-04  1.19670851e+00                                 
 1.14003368e-04  6.69942754e-01  1.14003368e-04  5.97144861e-01  1.14003368e-04  5.95598552e-01  1.14003368e-04  0.00000000e+00  1.14003368e-04  1.80082221e+00  1.14003368e-04  5.96176786e-01  1.14003368e-04  5.95888549e-01  1.14003368e-04  1.19422313e+00                                 
 1.14003849e-04  6.69941290e-01  1.14003849e-04  5.97119321e-01  1.14003849e-04  5.96804565e-01  1.14003849e-04  0.00000000e+00  1.14003849e-04  1.79935235e+00  1.14003849e-04  5.96104681e-01  1.14003849e-04  5.96337446e-01  1.14003849e-04  1.19050458e+00                                 
 1.14004657e-04  6.69943158e-01  1.14004657e-04  5.97109324e-01  1.14004657e-04  5.99041645e-01  1.14004657e-04  0.00000000e+00  1.14004657e-04  1.80060253e+00  1.14004657e-04  5.96577369e-01  1.14004657e-04  5.99000103e-01  1.14004657e-04  1.18374697e+00                                 
 1.14006105e-04  6.69941667e-01  1.14006105e-04  5.97007891e-01  1.14006105e-04  6.03572914e-01  1.14006105e-04  0.00000000e+00  1.14006105e-04  1.79946152e+00  1.14006105e-04  5.96272980e-01  1.14006105e-04  6.03054484e-01  1.14006105e-04  1.17101415e+00                                 
 1.14009001e-04  6.69943306e-01  1.14009001e-04  5.96913721e-01  1.14009001e-04  6.12338514e-01  1.14009001e-04  0.00000000e+00  1.14009001e-04  1.80054693e+00  1.14009001e-04  5.96499790e-01  1.14009001e-04  6.12253796e-01  1.14009001e-04  1.14436487e+00                                 
 1.14014434e-04  6.69941738e-01  1.14014434e-04  5.96795468e-01  1.14014434e-04  6.28711780e-01  1.14014434e-04  0.00000000e+00  1.14014434e-04  1.79948755e+00  1.14014434e-04  5.95977168e-01  1.14014434e-04  6.28139538e-01  1.14014434e-04  1.09348401e+00                                 
 1.14023944e-04  6.69943310e-01  1.14023944e-04  5.96819843e-01  1.14023944e-04  6.56141664e-01  1.14023944e-04  0.00000000e+00  1.14023944e-04  1.80053188e+00  1.14023944e-04  5.96031668e-01  1.14023944e-04  6.56007299e-01  1.14023944e-04  1.00346669e+00                                 
 1.14039020e-04  6.69941748e-01  1.14039020e-04  5.96800408e-01  1.14039020e-04  6.97522586e-01  1.14039020e-04  0.00000000e+00  1.14039020e-04  1.79949460e+00  1.14039020e-04  5.95509019e-01  1.14039020e-04  6.96809535e-01  1.14039020e-04  8.67104318e-01                                 
 1.14054397e-04  6.69943311e-01  1.14054397e-04  5.96829088e-01  1.14054397e-04  7.36659663e-01  1.14054397e-04  0.00000000e+00  1.14054397e-04  1.80052393e+00  1.14054397e-04  5.95749614e-01  1.14054397e-04  7.36548163e-01  1.14054397e-04  7.79404728e-01                                 
 1.14071763e-04  6.69941751e-01  1.14071763e-04  5.96803271e-01  1.14071763e-04  7.77785397e-01  1.14071763e-04  0.00000000e+00  1.14071763e-04  1.79949856e+00  1.14071763e-04  5.95404064e-01  1.14071763e-04  7.76990810e-01  1.14071763e-04  7.62818297e-01                                 
 1.14086908e-04  6.69943309e-01  1.14086908e-04  5.96830359e-01  1.14086908e-04  8.10722878e-01  1.14086908e-04  0.00000000e+00  1.14086908e-04  1.80051642e+00  1.14086908e-04  5.95713669e-01  1.14086908e-04  8.10692775e-01  1.14086908e-04  7.86457230e-01                                 
 1.14103443e-04  6.69941753e-01  1.14103443e-04  5.96803460e-01  1.14103443e-04  8.44197736e-01  1.14103443e-04  0.00000000e+00  1.14103443e-04  1.79950271e+00  1.14103443e-04  5.95392313e-01  1.14103443e-04  8.43232471e-01  1.14103443e-04  8.19418274e-01                                 
 1.14121437e-04  6.69943307e-01  1.14121437e-04  5.96830632e-01  1.14121437e-04  8.77348330e-01  1.14121437e-04  0.00000000e+00  1.14121437e-04  1.80050952e+00  1.14121437e-04  5.95712875e-01  1.14121437e-04  8.77368690e-01  1.14121437e-04  8.53396225e-01                                 
 1.14149011e-04  6.69941756e-01  1.14149011e-04  5.96803325e-01  1.14149011e-04  9.22838691e-01  1.14149011e-04  0.00000000e+00  1.14149011e-04  1.79950476e+00  1.14149011e-04  5.95389987e-01  1.14149011e-04  9.21555866e-01  1.14149011e-04  9.01114194e-01                                 
 1.14204160e-04  6.69943306e-01  1.14204160e-04  5.96830773e-01  1.14204160e-04  9.95964564e-01  1.14204160e-04  0.00000000e+00  1.14204160e-04  1.80050413e+00  1.14204160e-04  5.95717209e-01  1.14204160e-04  9.96275046e-01  1.14204160e-04  9.78929832e-01                                 
 1.14314459e-04  6.69941756e-01  1.14314459e-04  5.96803239e-01  1.14314459e-04  1.09106574e+00  1.14314459e-04  0.00000000e+00  1.14314459e-04  1.79950174e+00  1.14314459e-04  5.95393115e-01  1.14314459e-04  1.08984579e+00  1.14314459e-04  1.08446934e+00                                 
 1.14490302e-04  6.69943306e-01  1.14490302e-04  5.96830815e-01  1.14490302e-04  1.15957446e+00  1.14490302e-04  0.00000000e+00  1.14490302e-04  1.80050001e+00  1.14490302e-04  5.95723324e-01  1.14490302e-04  1.16025131e+00  1.14490302e-04  1.16319823e+00                                 
 1.14690440e-04  6.69941756e-01  1.14690440e-04  5.96803193e-01  1.14690440e-04  1.18328218e+00  1.14690440e-04  0.00000000e+00  1.14690440e-04  1.79950049e+00  1.14690440e-04  5.95395821e-01  1.14690440e-04  1.18254641e+00  1.14690440e-04  1.19084940e+00                                 
 1.14953633e-04  6.69943306e-01  1.14953633e-04  5.96830847e-01  1.14953633e-04  1.19006522e+00  1.14953633e-04  0.00000000e+00  1.14953633e-04  1.80049915e+00  1.14953633e-04  5.95725002e-01  1.14953633e-04  1.19076215e+00  1.14953633e-04  1.19837855e+00                                 
 1.15289922e-04  6.69941756e-01  1.15289922e-04  5.96803165e-01  1.15289922e-04  1.19110828e+00  1.15289922e-04  0.00000000e+00  1.15289922e-04  1.79950064e+00  1.15289922e-04  5.95395744e-01  1.15289922e-04  1.19041155e+00  1.15289922e-04  1.19988389e+00                                 
 1.15874781e-04  6.69943306e-01  1.15874781e-04  5.96830866e-01  1.15874781e-04  1.19096218e+00  1.15874781e-04  0.00000000e+00  1.15874781e-04  1.80049894e+00  1.15874781e-04  5.95725290e-01  1.15874781e-04  1.19165593e+00  1.15874781e-04  1.19943233e+00                                 
 1.17044500e-04  6.69941756e-01  1.17044500e-04  5.96803155e-01  1.17044500e-04  1.19110302e+00  1.17044500e-04  0.00000000e+00  1.17044500e-04  1.79950075e+00  1.17044500e-04  5.95395608e-01  1.17044500e-04  1.19040839e+00  1.17044500e-04  1.19986633e+00                                 
 1.18244500e-04  6.69943306e-01  1.18244500e-04  5.96830873e-01  1.18244500e-04  1.19096364e+00  1.18244500e-04  0.00000000e+00  1.18244500e-04  1.80049887e+00  1.18244500e-04  5.95725378e-01  1.18244500e-04  1.19165600e+00  1.18244500e-04  1.19944116e+00                                 
 1.19444500e-04  6.69941757e-01  1.19444500e-04  5.96803148e-01  1.19444500e-04  1.19110269e+00  1.19444500e-04  0.00000000e+00  1.19444500e-04  1.79950082e+00  1.19444500e-04  5.95395523e-01  1.19444500e-04  1.19040943e+00  1.19444500e-04  1.19986285e+00                                 
 1.20000000e-04  6.69943306e-01  1.20000000e-04  5.96830884e-01  1.20000000e-04  1.19096419e+00  1.20000000e-04  0.00000000e+00  1.20000000e-04  1.80049876e+00  1.20000000e-04  5.95725511e-01  1.20000000e-04  1.19165439e+00  1.20000000e-04  1.19944954e+00                                 
